05_ctd/ctd_files/ar43_007.cnv
* Sea-Bird SBE 9 Data File:
* FileName = D:\Data\AR43_007.hex
* Software Version Seasave V 7.26.7.121
* Temperature SN = 4252
* Conductivity SN = 1860
* Number of Bytes Per Scan = 40
* Number of Voltage Words = 5
* Number of Scans Averaged by the Deck Unit = 1
* NMEA Latitude = 39 40.83 N
* NMEA Longitude = 070 57.71 W
* NMEA UTC (Time) = Mar 15 2020  01:18:13
** Cruise ID: AR43
** Chief Sci:
** Station #:
** Site ID:
# nquan = 19
# nvalues = 2021                        
# units = specified
# name 0 = prDM: Pressure, Digiquartz [db]
# name 1 = t090C: Temperature [ITS-90, deg C]
# name 2 = t190C: Temperature, 2 [ITS-90, deg C]
# name 3 = c0S/m: Conductivity [S/m]
# name 4 = c1S/m: Conductivity, 2 [S/m]
# name 5 = sbeox0V: Oxygen raw, SBE 43 [V]
# name 6 = flECO-AFL: Fluorescence, WET Labs ECO-AFL/FL [mg/m^3]
# name 7 = turbWETntu0: Turbidity, WET Labs ECO [NTU]
# name 8 = sal00: Salinity, Practical [PSU]
# name 9 = spar: SPAR, Biospherical/Licor
# name 10 = v6: Voltage 6
# name 11 = depSM: Depth [salt water, m], lat = 39.6805
# name 12 = sal00: Salinity, Practical [PSU]
# name 13 = sal11: Salinity, Practical, 2 [PSU]
# name 14 = sbeox0ML/L: Oxygen, SBE 43 [ml/l], WS = 2
# name 15 = svCM: Sound Velocity [Chen-Millero, m/s]
# name 16 = sigma-é00: Density [sigma-theta, kg/m^3]
# name 17 = sigma-é11: Density, 2 [sigma-theta, kg/m^3]
# name 18 = flag: flag
# span 0 =      3.000,   1013.000       
# span 1 =     4.3739,    14.0304       
# span 2 =     4.3746,    14.0305       
# span 3 =   3.332178,   4.276624       
# span 4 =   3.332289,   4.276827       
# span 5 =     1.5219,     2.7731       
# span 6 =    -0.0038,     1.3802       
# span 7 =     0.1733,     0.5585       
# span 8 =    34.9747,    35.7074       
# span 9 = 1.5566e+01, 9.5733e+02       
# span 10 =     0.0706,     0.1176      
# span 11 =      2.977,   1002.822      
# span 12 =    34.9748,    35.7092      
# span 13 =    34.9749,    35.7150      
# span 14 =     2.9026,     5.8442      
# span 15 =    1482.02,    1506.58      
# span 16 =    26.5572,    27.7355      
# span 17 =    26.5543,    27.7359      
# span 18 = 0.0000e+00, 0.0000e+00      
# interval = decibars: 1                
# start_time = Mar 15 2020 01:18:13 [NMEA time, header]
# bad_flag = -9.990e-29
*END*
[from data line 915]
    918.000     4.4894     4.4904   3.338968   3.339090     2.1070     0.0236     0.1826    34.9822 2.7440e+02     0.0965    908.982    34.9815    34.9819     5.7318    1483.73    27.7268    27.7270 0.0000e+00
    919.000     4.4893     4.4901   3.338983   3.339094     2.1071     0.0299     0.1800    34.9819 2.8417e+02     0.1018    909.970    34.9813    34.9817     5.7298    1483.74    27.7267    27.7269 0.0000e+00
    920.000     4.4871     4.4878   3.338816   3.338911     2.1071     0.0443     0.1765    34.9817 2.7730e+02     0.1056    910.958    34.9811    34.9815     5.7271    1483.75    27.7267    27.7270 0.0000e+00
    921.000     4.4864     4.4870   3.338807   3.338891     2.1066     0.0413     0.1826    34.9818 2.7416e+02     0.1054    911.946    34.9813    34.9816     5.7270    1483.76    27.7270    27.7272 0.0000e+00
    922.000     4.4856     4.4864   3.338786   3.338891     2.1065     0.0114     0.1886    34.9817 2.8359e+02     0.0990    912.934    34.9813    34.9817     5.7296    1483.78    27.7271    27.7273 0.0000e+00
    923.000     4.4857     4.4865   3.338849   3.338942     2.1065     0.0299     0.1822    34.9819 2.8057e+02     0.0985    913.922    34.9815    34.9817     5.7278    1483.79    27.7272    27.7273 0.0000e+00
    924.000     4.4823     4.4826   3.338514   3.338567     2.1060     0.0328     0.1842    34.9811 2.6796e+02     0.1014    914.910    34.9806    34.9809     5.7283    1483.80    27.7269    27.7272 0.0000e+00
    925.000     4.4794     4.4803   3.338318   3.338413     2.1063     0.0301     0.1834    34.9813 2.7211e+02     0.1047    915.898    34.9809    34.9810     5.7320    1483.80    27.7275    27.7275 0.0000e+00
    926.000     4.4761     4.4768   3.337967   3.338089     2.1062     0.0384     0.1818    34.9802 2.6662e+02     0.1031    916.886    34.9797    34.9805     5.7317    1483.80    27.7269    27.7274 0.0000e+00
    927.000     4.4756     4.4776   3.338006   3.338228     2.1061     0.0412     0.1794    34.9806 2.6331e+02     0.1030    917.874    34.9802    34.9807     5.7345    1483.82    27.7273    27.7276 0.0000e+00
    928.000     4.4776     4.4810   3.338252   3.338630     2.1063     0.0340     0.1810    34.9807 2.6607e+02     0.0964    918.862    34.9804    34.9813     5.7336    1483.84    27.7273    27.7276 0.0000e+00
    929.000     4.4757     4.4748   3.338054   3.337956     2.1060     0.0293     0.1826    34.9800 2.7109e+02     0.0973    919.850    34.9796    34.9795     5.7367    1483.85    27.7269    27.7269 0.0000e+00
    930.000     4.4723     4.4741   3.337777   3.337996     2.1064     0.0229     0.1840    34.9799 2.4572e+02     0.0981    920.838    34.9795    34.9802     5.7428    1483.85    27.7272    27.7275 0.0000e+00
    931.000     4.4720     4.4717   3.337770   3.337753     2.1071     0.0087     0.1862    34.9796 2.6371e+02     0.1014    921.826    34.9792    34.9793     5.7463    1483.87    27.7270    27.7271 0.0000e+00
    932.000     4.4730     4.4732   3.337932   3.337977     2.1078     0.0242     0.1813    34.9798 2.4892e+02     0.1058    922.814    34.9796    34.9799     5.7441    1483.89    27.7272    27.7274 0.0000e+00
    933.000     4.4709     4.4709   3.337704   3.337741     2.1076     0.0330     0.1790    34.9789 2.5806e+02     0.0966    923.802    34.9786    34.9790     5.7404    1483.90    27.7266    27.7270 0.0000e+00
    934.000     4.4663     4.4679   3.337315   3.337486     2.1070     0.0397     0.1881    34.9788 2.6264e+02     0.0917    924.790    34.9784    34.9787     5.7383    1483.89    27.7270    27.7271 0.0000e+00
    935.000     4.4636     4.4645   3.337067   3.337189     2.1068     0.0378     0.1877    34.9782 2.6222e+02     0.0966    925.778    34.9778    34.9782     5.7435    1483.90    27.7268    27.7271 0.0000e+00
    936.000     4.4627     4.4641   3.337017   3.337174     2.1073     0.0328     0.1863    34.9781 2.6253e+02     0.0998    926.766    34.9777    34.9781     5.7480    1483.91    27.7268    27.7270 0.0000e+00
    937.000     4.4627     4.4637   3.337057   3.337190     2.1072     0.0262     0.1885    34.9780 2.5818e+02     0.1032    927.753    34.9776    34.9781     5.7498    1483.93    27.7268    27.7271 0.0000e+00
    938.000     4.4634     4.4640   3.337156   3.337237     2.1073     0.0123     0.1825    34.9779 2.5351e+02     0.1064    928.741    34.9776    34.9778     5.7439    1483.95    27.7267    27.7269 0.0000e+00
    939.000     4.4561     4.4548   3.336472   3.336355     2.1068     0.0167     0.1814    34.9772 2.6143e+02     0.0977    929.729    34.9767    34.9768     5.7480    1483.93    27.7269    27.7270 0.0000e+00
    940.000     4.4551     4.4562   3.336395   3.336554     2.1071     0.0301     0.1855    34.9768 2.6431e+02     0.0981    930.717    34.9764    34.9771     5.7539    1483.94    27.7267    27.7271 0.0000e+00
    941.000     4.4542     4.4555   3.336398   3.336537     2.1073     0.0366     0.1875    34.9772 2.6888e+02     0.1030    931.705    34.9768    34.9771     5.7526    1483.96    27.7271    27.7272 0.0000e+00
    942.000     4.4562     4.4571   3.336607   3.336736     2.1073     0.0400     0.1844    34.9770 2.7270e+02     0.1070    932.693    34.9767    34.9772     5.7489    1483.98    27.7268    27.7271 0.0000e+00
    943.000     4.4576     4.4574   3.336802   3.336807     2.1067     0.0401     0.1816    34.9772 2.6911e+02     0.1150    933.681    34.9769    34.9772     5.7459    1484.00    27.7269    27.7271 0.0000e+00
    944.000     4.4476     4.4480   3.335804   3.335859     2.1066     0.0383     0.1846    34.9759 2.5479e+02     0.0997    934.669    34.9754    34.9755     5.7530    1483.98    27.7267    27.7268 0.0000e+00
    945.000     4.4409     4.4420   3.335255   3.335409     2.1067     0.0273     0.1909    34.9761 2.6145e+02     0.0981    935.657    34.9755    34.9761     5.7561    1483.97    27.7275    27.7279 0.0000e+00
    946.000     4.4404     4.4416   3.335277   3.335422     2.1071     0.0385     0.1876    34.9763 2.6919e+02     0.0976    936.644    34.9757    34.9762     5.7600    1483.98    27.7278    27.7280 0.0000e+00
    947.000     4.4401     4.4418   3.335297   3.335499     2.1073     0.0260     0.1793    34.9762 2.6663e+02     0.0996    937.632    34.9757    34.9763     5.7617    1484.00    27.7278    27.7281 0.0000e+00
    948.000     4.4472     4.4465   3.336107   3.336068     2.1076     0.0456     0.1833    34.9775 2.6652e+02     0.1061    938.620    34.9773    34.9776     5.7616    1484.04    27.7283    27.7286 0.0000e+00
    949.000     4.4483     4.4493   3.336243   3.336381     2.1079     0.0528     0.1871    34.9773 2.7420e+02     0.1028    939.608    34.9772    34.9777     5.7616    1484.06    27.7281    27.7285 0.0000e+00
    950.000     4.4474     4.4478   3.336198   3.336263     2.1078     0.0436     0.1967    34.9772 2.6644e+02     0.0978    940.596    34.9771    34.9774     5.7596    1484.08    27.7281    27.7283 0.0000e+00
    951.000     4.4465     4.4479   3.336148   3.336327     2.1075     0.0249     0.1783    34.9771 2.6035e+02     0.0950    941.584    34.9769    34.9775     5.7599    1484.09    27.7282    27.7285 0.0000e+00
    952.000     4.4472     4.4480   3.336264   3.336375     2.1073     0.0255     0.1806    34.9772 2.5251e+02     0.0982    942.572    34.9771    34.9775     5.7583    1484.11    27.7282    27.7285 0.0000e+00
    953.000     4.4485     4.4501   3.336443   3.336647     2.1071     0.0289     0.1827    34.9773 2.5206e+02     0.1009    943.560    34.9772    34.9779     5.7561    1484.13    27.7282    27.7286 0.0000e+00
    954.000     4.4495     4.4500   3.336608   3.336708     2.1066     0.0314     0.1841    34.9776 2.2445e+02     0.1049    944.547    34.9776    34.9782     5.7540    1484.15    27.7284    27.7288 0.0000e+00
    955.000     4.4498     4.4510   3.336701   3.336869     2.1062     0.0538     0.1862    34.9779 2.6085e+02     0.1014    945.535    34.9779    34.9786     5.7523    1484.17    27.7286    27.7290 0.0000e+00
    956.000     4.4505     4.4514   3.336823   3.336939     2.1056     0.0548     0.1822    34.9781 2.6177e+02     0.0988    946.523    34.9781    34.9785     5.7526    1484.19    27.7287    27.7290 0.0000e+00
    957.000     4.4475     4.4483   3.336557   3.336657     2.1054     0.0299     0.1863    34.9777 2.5214e+02     0.0977    947.511    34.9776    34.9780     5.7546    1484.19    27.7287    27.7289 0.0000e+00
    958.000     4.4453     4.4462   3.336393   3.336514     2.1047     0.0458     0.1887    34.9777 2.5619e+02     0.0970    948.499    34.9775    34.9779     5.7500    1484.20    27.7288    27.7290 0.0000e+00
    959.000     4.4425     4.4436   3.336166   3.336307     2.1043     0.0352     0.1843    34.9775 2.4327e+02     0.1014    949.486    34.9773    34.9778     5.7558    1484.21    27.7289    27.7292 0.0000e+00
    960.000     4.4423     4.4431   3.336230   3.336357     2.1043     0.0328     0.1797    34.9780 2.4996e+02     0.1074    950.474    34.9778    34.9784     5.7589    1484.22    27.7294    27.7297 0.0000e+00
    961.000     4.4435     4.4435   3.336473   3.336496     2.1048     0.0378     0.1838    34.9789 2.5876e+02     0.0990    951.462    34.9788    34.9791     5.7629    1484.25    27.7301    27.7303 0.0000e+00
    962.000     4.4477     4.4485   3.336979   3.337096     2.1050     0.0283     0.1832    34.9798 2.4622e+02     0.0983    952.450    34.9798    34.9804     5.7591    1484.28    27.7304    27.7308 0.0000e+00
    963.000     4.4496     4.4506   3.337257   3.337382     2.1043     0.0260     0.1843    34.9805 2.5057e+02     0.0983    953.438    34.9806    34.9809     5.7516    1484.31    27.7308    27.7310 0.0000e+00
    964.000     4.4509     4.4508   3.337453   3.337461     2.1036     0.0363     0.1805    34.9809 2.5291e+02     0.1022    954.425    34.9810    34.9812     5.7542    1484.33    27.7310    27.7312 0.0000e+00
    965.000     4.4511     4.4507   3.337523   3.337533     2.1035     0.0263     0.1787    34.9810 2.5256e+02     0.1037    955.413    34.9811    34.9816     5.7553    1484.35    27.7311    27.7315 0.0000e+00
    966.000     4.4539     4.4543   3.337899   3.337995     2.1034     0.0330     0.1765    34.9819 2.2934e+02     0.1017    956.401    34.9820    34.9828     5.7499    1484.38    27.7316    27.7321 0.0000e+00
    967.000     4.4520     4.4526   3.337743   3.337850     2.1026     0.0288     0.1779    34.9816 2.5739e+02     0.0962    957.389    34.9817    34.9823     5.7473    1484.38    27.7315    27.7319 0.0000e+00
    968.000     4.4441     4.4486   3.336989   3.337466     2.1024     0.0255     0.1796    34.9808 2.5137e+02     0.0957    958.377    34.9807    34.9815     5.7532    1484.37    27.7315    27.7318 0.0000e+00
    969.000     4.4430     4.4423   3.336917   3.336874     2.1023     0.0297     0.1835    34.9807 2.2319e+02     0.0971    959.364    34.9805    34.9808     5.7558    1484.38    27.7315    27.7318 0.0000e+00
    970.000     4.4312     4.4355   3.335729   3.336199     2.1023     0.0354     0.1826    34.9789 1.6973e+02     0.1032    960.352    34.9785    34.9794     5.7594    1484.34    27.7312    27.7315 0.0000e+00
    971.000     4.4254     4.4269   3.335202   3.335385     2.1025     0.0560     0.1902    34.9785 1.7103e+02     0.0971    961.340    34.9779    34.9785     5.7627    1484.34    27.7314    27.7317 0.0000e+00
    972.000     4.4208     4.4223   3.334800   3.334958     2.1028     0.0610     0.1839    34.9782 1.6807e+02     0.1061    962.328    34.9776    34.9779     5.7653    1484.33    27.7316    27.7317 0.0000e+00
    973.000     4.4216     4.4227   3.334946   3.335078     2.1028     0.0252     0.1913    34.9785 1.6668e+02     0.0997    963.315    34.9780    34.9784     5.7672    1484.35    27.7319    27.7321 0.0000e+00
    974.000     4.4178     4.4183   3.334631   3.334713     2.1031     0.0211     0.1865    34.9783 1.6520e+02     0.0964    964.303    34.9778    34.9782     5.7719    1484.35    27.7321    27.7324 0.0000e+00
    975.000     4.4192     4.4200   3.334871   3.334978     2.1037     0.0200     0.1823    34.9791 1.6821e+02     0.0919    965.291    34.9786    34.9790     5.7724    1484.38    27.7326    27.7329 0.0000e+00
    976.000     4.4197     4.4208   3.334961   3.335098     2.1036     0.0243     0.1777    34.9790 1.6689e+02     0.0950    966.279    34.9786    34.9790     5.7690    1484.40    27.7326    27.7329 0.0000e+00
    977.000     4.4189     4.4199   3.334920   3.335051     2.1035     0.0175     0.1851    34.9788 1.8169e+02     0.0968    967.266    34.9784    34.9789     5.7712    1484.41    27.7326    27.7328 0.0000e+00
    978.000     4.4192     4.4197   3.335004   3.335083     2.1037     0.0200     0.1829    34.9789 1.6497e+02     0.1035    968.254    34.9786    34.9790     5.7714    1484.43    27.7327    27.7330 0.0000e+00
    979.000     4.4185     4.4192   3.334989   3.335096     2.1036     0.0120     0.1924    34.9789 1.6206e+02     0.1002    969.242    34.9786    34.9791     5.7724    1484.44    27.7328    27.7331 0.0000e+00
    980.000     4.4201     4.4208   3.335209   3.335302     2.1037     0.0260     0.1851    34.9792 1.6401e+02     0.0881    970.230    34.9791    34.9794     5.7700    1484.46    27.7330    27.7332 0.0000e+00
    981.000     4.4213     4.4219   3.335380   3.335477     2.1032     0.0380     0.1833    34.9794 1.6450e+02     0.0950    971.217    34.9793    34.9797     5.7663    1484.49    27.7330    27.7333 0.0000e+00
    982.000     4.4229     4.4237   3.335593   3.335698     2.1028     0.0464     0.1856    34.9796 1.6441e+02     0.1058    972.205    34.9795    34.9800     5.7668    1484.51    27.7331    27.7334 0.0000e+00
    983.000     4.4240     4.4243   3.335749   3.335812     2.1025     0.0391     0.1820    34.9798 1.6224e+02     0.1050    973.193    34.9798    34.9801     5.7669    1484.53    27.7332    27.7334 0.0000e+00
    984.000     4.4238     4.4253   3.335806   3.335983     2.1020     0.0283     0.1898    34.9801 1.6334e+02     0.1028    974.180    34.9801    34.9807     5.7652    1484.55    27.7334    27.7337 0.0000e+00
    985.000     4.4180     4.4183   3.335270   3.335320     2.1018     0.0383     0.1844    34.9797 1.5854e+02     0.0920    975.168    34.9795    34.9797     5.7712    1484.54    27.7336    27.7337 0.0000e+00
    986.000     4.4135     4.4142   3.334865   3.334963     2.1018     0.0391     0.1894    34.9792 1.5746e+02     0.1019    976.156    34.9789    34.9794     5.7716    1484.54    27.7336    27.7339 0.0000e+00
    987.000     4.4121     4.4123   3.334771   3.334827     2.1019     0.0443     0.1916    34.9791 1.6065e+02     0.1026    977.143    34.9788    34.9793     5.7752    1484.55    27.7337    27.7341 0.0000e+00
    988.000     4.4106     4.4114   3.334685   3.334798     2.1022     0.0331     0.1870    34.9791 1.6222e+02     0.1016    978.131    34.9788    34.9793     5.7741    1484.56    27.7339    27.7342 0.0000e+00
    989.000     4.4101     4.4111   3.334675   3.334810     2.1019     0.0200     0.1834    34.9791 1.6015e+02     0.1007    979.119    34.9788    34.9793     5.7758    1484.57    27.7339    27.7342 0.0000e+00
    990.000     4.4092     4.4101   3.334630   3.334754     2.1023     0.0268     0.1819    34.9790 1.5917e+02     0.0997    980.106    34.9787    34.9792     5.7799    1484.58    27.7340    27.7342 0.0000e+00
    991.000     4.4070     4.4087   3.334449   3.334639     2.1026     0.0326     0.1845    34.9787 1.5705e+02     0.0981    981.094    34.9784    34.9788     5.7791    1484.59    27.7340    27.7341 0.0000e+00
    992.000     4.4069     4.4077   3.334488   3.334600     2.1021     0.0305     0.1831    34.9787 1.5672e+02     0.0997    982.082    34.9784    34.9789     5.7765    1484.61    27.7340    27.7343 0.0000e+00
