05_ctd/ctd_files/ar43_002.cnv
* Sea-Bird SBE 9 Data File:
* FileName = D:\Data\AR43_002.hex
* Software Version Seasave V 7.26.7.121
* Temperature SN = 4252
* Conductivity SN = 1860
* Number of Bytes Per Scan = 40
* Number of Voltage Words = 5
* Number of Scans Averaged by the Deck Unit = 1
* NMEA Latitude = 39 38.15 N
* NMEA Longitude = 070 53.13 W
* NMEA UTC (Time) = Mar 12 2020  13:15:08
** Cruise ID: AR43
** Chief Sci:
** Station #:
** Site ID:
# nquan = 19
# nvalues = 2017                        
# units = specified
# name 0 = prDM: Pressure, Digiquartz [db]
# name 1 = t090C: Temperature [ITS-90, deg C]
# name 2 = t190C: Temperature, 2 [ITS-90, deg C]
# name 3 = c0S/m: Conductivity [S/m]
# name 4 = c1S/m: Conductivity, 2 [S/m]
# name 5 = sbeox0V: Oxygen raw, SBE 43 [V]
# name 6 = flECO-AFL: Fluorescence, WET Labs ECO-AFL/FL [mg/m^3]
# name 7 = turbWETntu0: Turbidity, WET Labs ECO [NTU]
# name 8 = sal00: Salinity, Practical [PSU]
# name 9 = spar: SPAR, Biospherical/Licor
# name 10 = v6: Voltage 6
# name 11 = depSM: Depth [salt water, m], lat = 39.6358
# name 12 = sal00: Salinity, Practical [PSU]
# name 13 = sal11: Salinity, Practical, 2 [PSU]
# name 14 = sbeox0ML/L: Oxygen, SBE 43 [ml/l], WS = 2
# name 15 = svCM: Sound Velocity [Chen-Millero, m/s]
# name 16 = sigma-é00: Density [sigma-theta, kg/m^3]
# name 17 = sigma-é11: Density, 2 [sigma-theta, kg/m^3]
# name 18 = flag: flag
# span 0 =      2.000,   1010.000       
# span 1 =     4.3822,    13.9988       
# span 2 =     4.3835,    14.0016       
# span 3 =   3.332398,   4.261509       
# span 4 =   3.332565,   4.261939       
# span 5 =     1.5278,     2.8076       
# span 6 =     0.0023,     1.6137       
# span 7 =     0.1755,     0.2960       
# span 8 =    34.9050,    35.6711       
# span 9 = 4.1597e+02, 1.8392e+03       
# span 10 =     0.0774,     0.1212      
# span 11 =      1.985,    999.863      
# span 12 =    34.9052,    35.6733      
# span 13 =    34.9064,    35.6779      
# span 14 =     2.8939,     6.0541      
# span 15 =    1482.23,    1505.58      
# span 16 =    26.4405,    27.7309      
# span 17 =    26.4409,    27.7314      
# span 18 = 0.0000e+00, 0.0000e+00      
# interval = decibars: 1                
# start_time = Mar 12 2020 13:15:08 [NMEA time, header]
# bad_flag = -9.990e-29
*END*
[from data line 1753]
    265.000     9.6846     9.6836   3.814172   3.814272     1.5531     0.0513     0.2021    35.2358 4.1956e+02     0.1007    262.810    35.2377    35.2397     3.0244    1493.35    27.1964    27.1982 0.0000e+00
    264.000     9.6903     9.6803   3.814746   3.813940     1.5520     0.0394     0.1985    35.2367 4.1798e+02     0.1039    261.819    35.2384    35.2400     3.0204    1493.36    27.1961    27.1990 0.0000e+00
    263.000     9.7088     9.6973   3.816504   3.815752     1.5515     0.0329     0.1985    35.2369 4.1787e+02     0.0987    260.827    35.2390    35.2425     3.0200    1493.41    27.1934    27.1981 0.0000e+00
    262.000     9.7114     9.7161   3.816914   3.817704     1.5512     0.0328     0.2006    35.2391 4.1900e+02     0.0986    259.836    35.2410    35.2446     3.0216    1493.40    27.1945    27.1966 0.0000e+00
    261.000     9.7408     9.7472   3.819792   3.820847     1.5515     0.0437     0.2026    35.2400 4.2070e+02     0.1019    258.845    35.2424    35.2470     3.0180    1493.49    27.1906    27.1931 0.0000e+00
    260.000     9.7759     9.7764   3.823252   3.823798     1.5507     0.0437     0.1996    35.2412 4.2058e+02     0.1041    257.854    35.2442    35.2493     3.0089    1493.61    27.1861    27.1900 0.0000e+00
    259.000     9.7927     9.7849   3.824913   3.824167     1.5489     0.0557     0.2034    35.2424 4.1864e+02     0.1033    256.863    35.2453    35.2453     2.9998    1493.65    27.1841    27.1854 0.0000e+00
    258.000     9.8057     9.7727   3.826271   3.823443     1.5475     0.0344     0.2030    35.2441 4.1759e+02     0.1060    255.872    35.2470    35.2502     2.9934    1493.68    27.1832    27.1912 0.0000e+00
    257.000     9.8156     9.7978   3.827292   3.826023     1.5457     0.0402     0.2008    35.2454 4.1765e+02     0.1060    254.881    35.2482    35.2526     2.9868    1493.70    27.1825    27.1889 0.0000e+00
    256.000     9.8197     9.8221   3.827666   3.828138     1.5445     0.0472     0.1985    35.2460 4.1823e+02     0.0963    253.890    35.2486    35.2511     2.9852    1493.70    27.1820    27.1836 0.0000e+00
    255.000     9.8243     9.8265   3.828088   3.828565     1.5435     0.0253     0.2020    35.2465 4.1935e+02     0.0936    252.898    35.2489    35.2517     2.9809    1493.70    27.1815    27.1833 0.0000e+00
    254.000     9.8318     9.8330   3.828624   3.829134     1.5421     0.0414     0.1994    35.2451 4.2036e+02     0.0947    251.907    35.2475    35.2516     2.9746    1493.71    27.1791    27.1821 0.0000e+00
    253.000     9.8335     9.8390   3.828943   3.829659     1.5408     0.0494     0.1994    35.2474 4.2246e+02     0.0984    250.916    35.2496    35.2516     2.9731    1493.70    27.1804    27.1810 0.0000e+00
    252.000     9.8382     9.8404   3.829271   3.829733     1.5400     0.0335     0.2043    35.2469 4.2262e+02     0.1027    249.925    35.2489    35.2514     2.9733    1493.70    27.1791    27.1806 0.0000e+00
    251.000     9.8377     9.8322   3.829267   3.828923     1.5394     0.0448     0.2031    35.2482 4.2061e+02     0.0985    248.934    35.2498    35.2516     2.9726    1493.69    27.1798    27.1822 0.0000e+00
    250.000     9.8391     9.8409   3.829303   3.829658     1.5394     0.0358     0.1989    35.2479 4.1757e+02     0.0987    247.943    35.2493    35.2511     2.9740    1493.67    27.1791    27.1802 0.0000e+00
    249.000     9.8518     9.8394   3.830527   3.829480     1.5394     0.0462     0.1998    35.2483 4.1760e+02     0.0987    246.951    35.2498    35.2512     2.9730    1493.70    27.1774    27.1806 0.0000e+00
    248.000     9.8831     9.8661   3.833735   3.832569     1.5396     0.0408     0.1969    35.2505 4.1853e+02     0.0949    245.960    35.2527    35.2573     2.9727    1493.80    27.1743    27.1808 0.0000e+00
    247.000     9.9201     9.9123   3.837656   3.837399     1.5401     0.0474     0.2058    35.2543 4.2069e+02     0.0905    244.969    35.2572    35.2622     2.9715    1493.93    27.1715    27.1767 0.0000e+00
    246.000     9.9545     9.9412   3.840997   3.840183     1.5405     0.0536     0.2059    35.2548 4.2259e+02     0.1037    243.978    35.2583    35.2630     2.9676    1494.04    27.1665    27.1724 0.0000e+00
    245.000     9.9703     9.9812   3.843071   3.844484     1.5401     0.0377     0.2072    35.2610 4.2327e+02     0.1024    242.987    35.2646    35.2685     2.9624    1494.08    27.1687    27.1699 0.0000e+00
    244.000    10.0033    10.0359   3.845971   3.849828     1.5396     0.0291     0.2071    35.2586 4.2380e+02     0.0990    241.996    35.2626    35.2703     2.9576    1494.18    27.1615    27.1618 0.0000e+00
    243.000    10.0497    10.0603   3.850647   3.852653     1.5389     0.0329     0.2031    35.2610 4.2264e+02     0.0956    241.004    35.2657    35.2759     2.9526    1494.34    27.1559    27.1620 0.0000e+00
    242.000    10.0703    10.0798   3.853070   3.854403     1.5386     0.0328     0.2025    35.2663 4.2044e+02     0.1001    240.013    35.2709    35.2752     2.9501    1494.40    27.1564    27.1581 0.0000e+00
    241.000    10.0863    10.0986   3.854820   3.856077     1.5378     0.0328     0.2016    35.2692 4.2044e+02     0.1049    239.022    35.2735    35.2745     2.9453    1494.44    27.1557    27.1543 0.0000e+00
    240.000    10.1136    10.1124   3.857949   3.858238     1.5374     0.0282     0.2010    35.2749 4.2154e+02     0.1024    238.031    35.2794    35.2835     2.9438    1494.53    27.1555    27.1589 0.0000e+00
    239.000    10.1715    10.1740   3.863614   3.864787     1.5372     0.0298     0.2022    35.2758 4.2287e+02     0.0952    237.039    35.2813    35.2908     2.9407    1494.73    27.1470    27.1540 0.0000e+00
    238.000    10.1804    10.1929   3.864612   3.866319     1.5374     0.0421     0.1974    35.2783 4.2464e+02     0.0952    236.048    35.2832    35.2885     2.9402    1494.74    27.1469    27.1489 0.0000e+00
    237.000    10.1945    10.1973   3.866512   3.867009     1.5373     0.0475     0.2007    35.2848 4.2473e+02     0.0985    235.057    35.2894    35.2917     2.9377    1494.78    27.1493    27.1506 0.0000e+00
    236.000    10.2027    10.2076   3.867277   3.868156     1.5370     0.0538     0.2012    35.2855 4.2454e+02     0.0905    234.066    35.2897    35.2938     2.9337    1494.80    27.1481    27.1504 0.0000e+00
    235.000    10.2233    10.2159   3.869373   3.869025     1.5363     0.0434     0.2028    35.2872 4.2350e+02     0.1016    233.075    35.2914    35.2951     2.9309    1494.86    27.1458    27.1500 0.0000e+00
    234.000    10.2317    10.2361   3.870435   3.871360     1.5365     0.0322     0.2047    35.2905 4.2284e+02     0.1022    232.083    35.2945    35.2996     2.9342    1494.87    27.1467    27.1500 0.0000e+00
    233.000    10.2550    10.2674   3.872626   3.874474     1.5367     0.0325     0.2065    35.2904 4.2349e+02     0.0999    231.092    35.2946    35.3013     2.9334    1494.94    27.1427    27.1459 0.0000e+00
    232.000    10.2682    10.2784   3.874164   3.875516     1.5373     0.0412     0.2063    35.2939 4.2442e+02     0.0964    230.101    35.2978    35.3017     2.9344    1494.97    27.1430    27.1442 0.0000e+00
    231.000    10.2775    10.2952   3.875210   3.877317     1.5382     0.0249     0.2008    35.2964 4.2592e+02     0.0915    229.110    35.2999    35.3041     2.9356    1494.99    27.1429    27.1431 0.0000e+00
    230.000    10.3135    10.3045   3.878859   3.877913     1.5380     0.0182     0.1950    35.2986 4.2672e+02     0.1077    228.118    35.3025    35.3016     2.9265    1495.11    27.1387    27.1395 0.0000e+00
    229.000    10.3292    10.3129   3.880606   3.879084     1.5375     0.0406     0.1992    35.3016 4.2607e+02     0.1079    227.127    35.3054    35.3058     2.9260    1495.15    27.1382    27.1413 0.0000e+00
    228.000    10.3517    10.3298   3.882808   3.881122     1.5374     0.0474     0.2024    35.3024 4.2530e+02     0.1002    226.136    35.3064    35.3105     2.9248    1495.22    27.1350    27.1420 0.0000e+00
    227.000    10.3643    10.3706   3.884262   3.885261     1.5376     0.0446     0.2014    35.3055 4.2649e+02     0.1001    225.144    35.3094    35.3134     2.9268    1495.25    27.1351    27.1371 0.0000e+00
    226.000    10.3837    10.3926   3.886390   3.887419     1.5383     0.0403     0.1996    35.3086 4.2707e+02     0.0987    224.153    35.3126    35.3144     2.9251    1495.30    27.1341    27.1341 0.0000e+00
    225.000    10.4034    10.4252   3.887958   3.891042     1.5380     0.0383     0.2046    35.3059 4.2795e+02     0.0978    223.162    35.3098    35.3199     2.9215    1495.35    27.1285    27.1326 0.0000e+00
    224.000    10.4326    10.4394   3.891527   3.892467     1.5382     0.0291     0.2044    35.3140 4.2788e+02     0.1025    222.171    35.3181    35.3211     2.9207    1495.45    27.1298    27.1310 0.0000e+00
    223.000    10.4665    10.4539   3.894678   3.894009     1.5387     0.0196     0.2069    35.3135 4.2751e+02     0.1026    221.179    35.3177    35.3231     2.9224    1495.56    27.1235    27.1300 0.0000e+00
    222.000    10.4772    10.4534   3.896207   3.893855     1.5398     0.0476     0.2109    35.3192 4.2754e+02     0.0996    220.188    35.3232    35.3225     2.9268    1495.58    27.1259    27.1296 0.0000e+00
    221.000    10.5491    10.4965   3.904641   3.899861     1.5408     0.0420     0.2052    35.3338 4.2721e+02     0.0973    219.197    35.3393    35.3419     2.9241    1495.84    27.1257    27.1370 0.0000e+00
    220.000    10.6219    10.6142   3.911751   3.911924     1.5417     0.0423     0.2034    35.3341 4.2910e+02     0.0903    218.205    35.3410    35.3502     2.9204    1496.08    27.1141    27.1227 0.0000e+00
    219.000    10.6419    10.6494   3.913929   3.915544     1.5422     0.0469     0.2033    35.3373 4.2968e+02     0.0981    217.214    35.3441    35.3531     2.9204    1496.14    27.1130    27.1186 0.0000e+00
    218.000    10.6603    10.6794   3.916169   3.918706     1.5435     0.0348     0.1994    35.3429 4.3106e+02     0.1013    216.223    35.3493    35.3564     2.9237    1496.20    27.1137    27.1159 0.0000e+00
    217.000    10.6839    10.6646   3.918994   3.917034     1.5452     0.0503     0.2060    35.3495 4.3127e+02     0.0981    215.231    35.3554    35.3544     2.9257    1496.27    27.1143    27.1169 0.0000e+00
    216.000    10.6931    10.6962   3.919780   3.920276     1.5465     0.0437     0.2022    35.3497 4.3113e+02     0.0990    214.240    35.3549    35.3569     2.9279    1496.29    27.1122    27.1132 0.0000e+00
    215.000    10.6992    10.6846   3.920321   3.919152     1.5478     0.0407     0.2023    35.3502 4.3126e+02     0.0980    213.249    35.3549    35.3572     2.9307    1496.29    27.1111    27.1155 0.0000e+00
    214.000    10.7424    10.7340   3.924570   3.924599     1.5487     0.0328     0.2030    35.3511 4.3147e+02     0.0960    212.257    35.3564    35.3647     2.9314    1496.43    27.1045    27.1125 0.0000e+00
    213.000    10.7827    10.7883   3.929411   3.930351     1.5504     0.0328     0.2051    35.3609 4.3169e+02     0.0946    211.266    35.3665    35.3706     2.9375    1496.57    27.1052    27.1073 0.0000e+00
    212.000    10.8145    10.8137   3.932768   3.933091     1.5530     0.0328     0.2034    35.3642 4.3187e+02     0.0902    210.275    35.3700    35.3740     2.9440    1496.67    27.1021    27.1054 0.0000e+00
    211.000    10.8712    10.8698   3.938672   3.939274     1.5559     0.0344     0.2027    35.3684 4.3253e+02     0.1084    209.283    35.3750    35.3823     2.9516    1496.85    27.0957    27.1018 0.0000e+00
    210.000    10.8987    10.9199   3.941431   3.944796     1.5601     0.0331     0.2033    35.3702 4.3298e+02     0.1032    208.292    35.3766    35.3898     2.9620    1496.94    27.0920    27.0985 0.0000e+00
    209.000    10.9605    10.9527   3.948359   3.947608     1.5641     0.0312     0.2062    35.3798 4.3406e+02     0.0937    207.301    35.3867    35.3867     2.9655    1497.15    27.0887    27.0901 0.0000e+00
    208.000    10.9719    10.9477   3.949979   3.948060     1.5670     0.0438     0.2022    35.3861 4.3421e+02     0.1015    206.309    35.3924    35.3966     2.9704    1497.18    27.0911    27.0987 0.0000e+00
    207.000    11.0085    10.9907   3.954059   3.952724     1.5693     0.0465     0.2051    35.3920 4.3430e+02     0.0972    205.318    35.3985    35.4023     2.9711    1497.30    27.0891    27.0953 0.0000e+00
    206.000    11.0343    11.0363   3.956665   3.957291     1.5712     0.0460     0.2078    35.3937 4.3428e+02     0.0975    204.326    35.4000    35.4044     2.9702    1497.37    27.0856    27.0886 0.0000e+00
    205.000    11.0614    11.0671   3.959698   3.960796     1.5717     0.0327     0.2065    35.3986 4.3371e+02     0.0995    203.335    35.4048    35.4102     2.9646    1497.46    27.0843    27.0876 0.0000e+00
    204.000    11.0765    11.0744   3.961226   3.961457     1.5717     0.0310     0.2107    35.4001 4.3372e+02     0.1001    202.344    35.4059    35.4102     2.9578    1497.49    27.0824    27.0862 0.0000e+00
    203.000    11.1071    11.0827   3.964132   3.962559     1.5703     0.0262     0.2080    35.4000 4.3468e+02     0.1001    201.352    35.4059    35.4137     2.9457    1497.58    27.0768    27.0874 0.0000e+00
    202.000    11.1359    11.1355   3.967124   3.967902     1.5678     0.0402     0.2034    35.4024 4.3618e+02     0.0991    200.361    35.4084    35.4166     2.9323    1497.67    27.0735    27.0799 0.0000e+00
    201.000    11.1593    11.1869   3.969548   3.973222     1.5649     0.0274     0.2053    35.4047 4.3813e+02     0.0923    199.369    35.4106    35.4207     2.9290    1497.74    27.0709    27.0737 0.0000e+00
    200.000    11.1826    11.2253   3.972569   3.977383     1.5650     0.0329     0.2015    35.4133 4.3828e+02     0.1008    198.378    35.4187    35.4256     2.9425    1497.81    27.0729    27.0704 0.0000e+00
    199.000    11.3059    11.2592   3.985463   3.980759     1.5686     0.0290     0.2034    35.4212 4.3602e+02     0.1026    197.387    35.4289    35.4270     2.9553    1498.24    27.0581    27.0653 0.0000e+00
    198.000    11.3615    11.2566   3.991747   3.981989     1.5729     0.0348     0.2023    35.4301 4.3436e+02     0.1014    196.395    35.4384    35.4422     2.9671    1498.43    27.0551    27.0776 0.0000e+00
    197.000    11.4510    11.4347   4.001432   4.001902     1.5774     0.0454     0.2003    35.4393 4.3396e+02     0.0946    195.404    35.4490    35.4692     2.9765    1498.73    27.0467    27.0655 0.0000e+00
    196.000    11.4838    11.5292   4.005827   4.011595     1.5828     0.0394     0.1991    35.4520 4.3458e+02     0.0919    194.412    35.4614    35.4750     2.9895    1498.84    27.0503    27.0524 0.0000e+00
    195.000    11.5256    11.5581   4.010372   4.014447     1.5885     0.0342     0.2056    35.4575 4.3640e+02     0.0961    193.421    35.4668    35.4759     2.9999    1498.98    27.0466    27.0476 0.0000e+00
    194.000    11.5677    11.5805   4.015096   4.016834     1.5935     0.0549     0.1984    35.4644 4.3945e+02     0.1002    192.430    35.4736    35.4785     3.0080    1499.11    27.0440    27.0454 0.0000e+00
    193.000    11.6266    11.6225   4.021556   4.021765     1.5983     0.0548     0.2009    35.4718 4.4046e+02     0.1025    191.438    35.4814    35.4874     3.0174    1499.31    27.0389    27.0444 0.0000e+00
    192.000    11.6649    11.6739   4.025197   4.027379     1.6037     0.0266     0.2010    35.4717 4.4055e+02     0.1015    190.447    35.4810    35.4940     3.0269    1499.42    27.0314    27.0398 0.0000e+00
    191.000    11.6813    11.6930   4.028000   4.029596     1.6081     0.0280     0.2000    35.4851 4.3882e+02     0.0993    189.455    35.4934    35.4980     3.0330    1499.48    27.0379    27.0393 0.0000e+00
