05_ctd/ctd_files/ar43_001.cnv
* Sea-Bird SBE 9 Data File:
* FileName = D:\Data\AR43_001.hex
* Software Version Seasave V 7.26.7.121
* Temperature SN = 4252
* Conductivity SN = 1860
* Number of Bytes Per Scan = 40
* Number of Voltage Words = 5
* Number of Scans Averaged by the Deck Unit = 1
* NMEA Latitude = 39 37.41 N
* NMEA Longitude = 070 53.14 W
* NMEA UTC (Time) = Mar 12 2020  01:22:57
** Cruise ID: AR43
** Chief Sci:
** Station #:
** Site ID:
# nquan = 19
# nvalues = 2021                        
# units = specified
# name 0 = prDM: Pressure, Digiquartz [db]
# name 1 = t090C: Temperature [ITS-90, deg C]
# name 2 = t190C: Temperature, 2 [ITS-90, deg C]
# name 3 = c0S/m: Conductivity [S/m]
# name 4 = c1S/m: Conductivity, 2 [S/m]
# name 5 = sbeox0V: Oxygen raw, SBE 43 [V]
# name 6 = flECO-AFL: Fluorescence, WET Labs ECO-AFL/FL [mg/m^3]
# name 7 = turbWETntu0: Turbidity, WET Labs ECO [NTU]
# name 8 = sal00: Salinity, Practical [PSU]
# name 9 = spar: SPAR, Biospherical/Licor
# name 10 = v6: Voltage 6
# name 11 = depSM: Depth [salt water, m], lat = 39.6235
# name 12 = sal00: Salinity, Practical [PSU]
# name 13 = sal11: Salinity, Practical, 2 [PSU]
# name 14 = sbeox0ML/L: Oxygen, SBE 43 [ml/l], WS = 2
# name 15 = svCM: Sound Velocity [Chen-Millero, m/s]
# name 16 = sigma-é00: Density [sigma-theta, kg/m^3]
# name 17 = sigma-é11: Density, 2 [sigma-theta, kg/m^3]
# name 18 = flag: flag
# span 0 =      2.000,   1012.000       
# span 1 =     4.4055,    14.0249       
# span 2 =     4.4062,    14.0262       
# span 3 =   3.334672,   4.267372       
# span 4 =   3.334724,   4.267644       
# span 5 =     1.5865,     2.7730       
# span 6 =    -0.0023,     1.6794       
# span 7 =     0.1786,     0.3962       
# span 8 =    34.9736,    35.7521       
# span 9 = -3.688e-02, 1.1555e+00       
# span 10 =     0.0747,     0.1170      
# span 11 =      1.985,   1001.839      
# span 12 =    34.9736,    35.7508      
# span 13 =    34.9742,    35.7473      
# span 14 =     2.7830,     5.8191      
# span 15 =    1482.20,    1505.88      
# span 16 =    26.5586,    27.7309      
# span 17 =    26.5595,    27.7311      
# span 18 = 0.0000e+00, 0.0000e+00      
# interval = decibars: 1                
# start_time = Mar 12 2020 01:22:57 [NMEA time, header]
# bad_flag = -9.990e-29
*END*
[from data line 1829]
    193.000    11.6870    11.7027   4.029191   4.031362     1.6279     0.0491     0.2019    35.4918 0.0000e+00     0.0979    191.438    35.4988    35.5052     3.0728    1499.54    27.0411    27.0431 0.0000e+00
    192.000    11.7152    11.7288   4.032351   4.034025     1.6279     0.0539     0.2057    35.4963 0.0000e+00     0.0977    190.447    35.5034    35.5069     3.0682    1499.62    27.0393    27.0395 0.0000e+00
    191.000    11.6906    11.6862   4.029535   4.029281     1.6278     0.0421     0.2530    35.4948 3.4401e-02     0.1048    189.455    35.4996    35.5013     3.0695    1499.52    27.0410    27.0432 0.0000e+00
    190.000    11.6835    11.6757   4.028750   4.028091     1.6295     0.0280     0.1988    35.4956 8.7497e-02     0.0963    188.464    35.4991    35.5001     3.0882    1499.48    27.0420    27.0442 0.0000e+00
    189.000    11.7659    11.7610   4.038016   4.038447     1.6332     0.0486     0.2018    35.5067 -1.031e-03     0.1006    187.472    35.5120    35.5209     3.0963    1499.76    27.0363    27.0442 0.0000e+00
    188.000    11.9571    11.9671   4.058424   4.061163     1.6360     0.0450     0.2056    35.5202 1.4690e-01     0.1027    186.481    35.5301    35.5474     3.0872    1500.42    27.0139    27.0255 0.0000e+00
    187.000    12.0100    12.0191   4.064363   4.066045     1.6381     0.0179     0.2109    35.5279 -1.357e-03     0.1002    185.490    35.5382    35.5460     3.0866    1500.59    27.0101    27.0144 0.0000e+00
    186.000    12.0429    12.0605   4.067716   4.070585     1.6399     0.0238     0.2115    35.5298 2.4513e-01     0.0997    184.498    35.5401    35.5513     3.0892    1500.69    27.0052    27.0106 0.0000e+00
    185.000    12.0517    12.0924   4.068945   4.074357     1.6425     0.0291     0.2072    35.5348 9.9048e-03     0.0990    183.507    35.5442    35.5582     3.0947    1500.71    27.0067    27.0097 0.0000e+00
    184.000    12.0844    12.1234   4.073003   4.077384     1.6451     0.0251     0.2037    35.5441 6.9904e-02     0.0972    182.515    35.5531    35.5587     3.0947    1500.81    27.0073    27.0041 0.0000e+00
    183.000    12.1062    12.1089   4.075478   4.076226     1.6472     0.0346     0.2002    35.5490 1.2773e-01     0.0937    181.524    35.5569    35.5616     3.0962    1500.88    27.0060    27.0091 0.0000e+00
    182.000    12.1290    12.2218   4.077952   4.087225     1.6497     0.0328     0.2054    35.5527 -1.595e-03     0.0937    180.532    35.5598    35.5618     3.1065    1500.94    27.0038    26.9874 0.0000e+00
    181.000    12.1603    12.2467   4.081262   4.091878     1.6535     0.0328     0.2034    35.5558 0.0000e+00     0.0969    179.541    35.5627    35.5839     3.1196    1501.03    27.0000    26.9997 0.0000e+00
    180.000    12.3263    12.3393   4.097922   4.101639     1.6579     0.0339     0.2038    35.5571 1.1187e-01     0.1035    178.549    35.5674    35.5911     3.1247    1501.58    26.9714    26.9873 0.0000e+00
    179.000    12.3992    12.4100   4.107070   4.108921     1.6633     0.0404     0.2060    35.5765 1.0197e-01     0.0950    177.558    35.5874    35.5951     3.1351    1501.84    26.9726    26.9765 0.0000e+00
    178.000    12.4511    12.4689   4.113563   4.115981     1.6675     0.0398     0.2083    35.5905 1.2567e-03     0.0952    176.566    35.6015    35.6080     3.1391    1502.01    26.9733    26.9749 0.0000e+00
    177.000    12.4913    12.5102   4.117915   4.120115     1.6714     0.0466     0.2106    35.5951 1.1681e-01     0.0937    175.575    35.6059    35.6093     3.1444    1502.14    26.9689    26.9677 0.0000e+00
    176.000    12.5257    12.5729   4.121181   4.126764     1.6749     0.0381     0.2093    35.5949 -1.302e-02     0.0935    174.583    35.6053    35.6146     3.1473    1502.24    26.9616    26.9594 0.0000e+00
    175.000    12.5517    12.5972   4.124168   4.129488     1.6775     0.0361     0.2043    35.6001 0.0000e+00     0.0963    173.592    35.6100    35.6183     3.1488    1502.31    26.9600    26.9575 0.0000e+00
    174.000    12.5908    12.6275   4.128273   4.133124     1.6801     0.0396     0.2020    35.6035 1.8121e-01     0.0928    172.600    35.6131    35.6251     3.1538    1502.43    26.9547    26.9568 0.0000e+00
    173.000    12.6057    12.6659   4.130464   4.137222     1.6835     0.0231     0.1992    35.6120 -1.433e-03     0.1024    171.608    35.6205    35.6288     3.1612    1502.47    26.9575    26.9520 0.0000e+00
    172.000    12.6427    12.6936   4.134839   4.140370     1.6874     0.0375     0.2010    35.6202 6.0265e-02     0.0988    170.617    35.6282    35.6332     3.1672    1502.59    26.9561    26.9499 0.0000e+00
    171.000    12.6791    12.7188   4.138724   4.142149     1.6914     0.0326     0.1994    35.6243 -2.752e-03     0.0906    169.625    35.6316    35.6271     3.1765    1502.70    26.9515    26.9401 0.0000e+00
    170.000    12.6919    12.7129   4.139651   4.143484     1.6948     0.0298     0.1999    35.6222 0.0000e+00     0.0952    168.634    35.6289    35.6459     3.1885    1502.72    26.9468    26.9558 0.0000e+00
    169.000    12.8135    12.8026   4.153113   4.153329     1.6985     0.0258     0.1985    35.6347 0.0000e+00     0.1016    167.642    35.6439    35.6562     3.1934    1503.13    26.9341    26.9459 0.0000e+00
    168.000    12.8644    12.8540   4.158606   4.158438     1.7016     0.0405     0.2108    35.6392 1.6404e-01     0.0980    166.651    35.6489    35.6572     3.1985    1503.29    26.9278    26.9363 0.0000e+00
    167.000    12.8810    12.8953   4.160480   4.162813     1.7049     0.0301     0.2082    35.6424 1.2206e-03     0.0979    165.659    35.6517    35.6605     3.2039    1503.33    26.9266    26.9306 0.0000e+00
    166.000    12.9068    12.9472   4.163359   4.168276     1.7081     0.0174     0.2036    35.6463 0.0000e+00     0.1000    164.668    35.6553    35.6644     3.2060    1503.40    26.9242    26.9231 0.0000e+00
    165.000    12.9271    12.9258   4.165711   4.165785     1.7119     0.0387     0.2034    35.6513 0.0000e+00     0.0980    163.676    35.6592    35.6611     3.2091    1503.46    26.9232    26.9249 0.0000e+00
    164.000    12.9305    12.9299   4.166095   4.166123     1.7159     0.0369     0.2102    35.6538 0.0000e+00     0.0942    162.684    35.6601    35.6609     3.2187    1503.46    26.9231    26.9239 0.0000e+00
    163.000    12.9433    12.9342   4.167652   4.166973     1.7186     0.0255     0.2057    35.6575 1.2209e-01     0.0900    161.693    35.6633    35.6654     3.2315    1503.49    26.9230    26.9264 0.0000e+00
    162.000    13.0500    13.0434   4.179138   4.180558     1.7224     0.0326     0.2059    35.6650 -3.630e-03     0.0878    160.701    35.6731    35.6928     3.2401    1503.83    26.9090    26.9256 0.0000e+00
    161.000    13.1955    13.2171   4.195840   4.198561     1.7269     0.0296     0.2106    35.6849 1.2407e-01     0.1051    159.710    35.6960    35.7016     3.2442    1504.33    26.8972    26.8971 0.0000e+00
    160.000    13.2488    13.2827   4.200131   4.205302     1.7321     0.0290     0.2144    35.6759 1.1836e-01     0.1029    158.718    35.6871    35.7045     3.2504    1504.48    26.8794    26.8859 0.0000e+00
    159.000    13.2580    13.2736   4.202621   4.204292     1.7364     0.0395     0.2088    35.6927 6.4853e-02     0.0913    157.726    35.7026    35.7038     3.2503    1504.51    26.8894    26.8872 0.0000e+00
    158.000    13.2902    13.2711   4.206389   4.204426     1.7406     0.0389     0.2015    35.7003 5.8761e-02     0.0963    156.735    35.7086    35.7079     3.2540    1504.60    26.8876    26.8909 0.0000e+00
    157.000    13.3006    13.3030   4.207215   4.207582     1.7432     0.0366     0.2043    35.6998 -2.115e-03     0.1003    155.743    35.7071    35.7083     3.2651    1504.62    26.8842    26.8847 0.0000e+00
    156.000    13.3454    13.3584   4.212040   4.214942     1.7461     0.0180     0.2083    35.7035 0.0000e+00     0.0982    154.752    35.7113    35.7267     3.2728    1504.76    26.8783    26.8875 0.0000e+00
    155.000    13.4387    13.4431   4.222815   4.224022     1.7490     0.0274     0.2051    35.7168 1.4936e-01     0.0976    153.760    35.7264    35.7337     3.2730    1505.06    26.8707    26.8754 0.0000e+00
    154.000    13.4618    13.4701   4.225310   4.226506     1.7514     0.0329     0.2034    35.7194 -1.562e-03     0.0927    152.768    35.7288    35.7323     3.2743    1505.13    26.8678    26.8688 0.0000e+00
    153.000    13.4691    13.4884   4.225888   4.228524     1.7533     0.0254     0.1986    35.7191 0.0000e+00     0.0951    151.777    35.7278    35.7347     3.2731    1505.13    26.8654    26.8668 0.0000e+00
    152.000    13.4744    13.4687   4.226564   4.226172     1.7546     0.0174     0.2018    35.7223 1.0110e-01     0.0957    150.785    35.7297    35.7314     3.2715    1505.14    26.8658    26.8683 0.0000e+00
    151.000    13.4936    13.4820   4.228645   4.227578     1.7579     0.0368     0.2063    35.7259 -1.126e-02     0.0957    149.793    35.7318    35.7326     3.2855    1505.19    26.8634    26.8664 0.0000e+00
    150.000    13.4958    13.4817   4.228912   4.227552     1.7617     0.0349     0.2059    35.7277 0.0000e+00     0.1035    148.802    35.7328    35.7331     3.2964    1505.18    26.8637    26.8668 0.0000e+00
    149.000    13.5420    13.5343   4.233666   4.233868     1.7643     0.0406     0.2059    35.7290 1.8773e-01     0.0932    147.810    35.7348    35.7439     3.3033    1505.31    26.8557    26.8643 0.0000e+00
    148.000    13.5783    13.5816   4.237661   4.238500     1.7673     0.0401     0.2039    35.7328 1.4938e-01     0.0896    146.818    35.7390    35.7439     3.3153    1505.42    26.8514    26.8545 0.0000e+00
    147.000    13.5972    13.6164   4.239763   4.242270     1.7716     0.0411     0.2044    35.7354 2.1069e-03     0.0879    145.827    35.7416    35.7473     3.3345    1505.47    26.8495    26.8499 0.0000e+00
    146.000    13.6361    13.6461   4.243224   4.244734     1.7786     0.0472     0.2105    35.7317 0.0000e+00     0.0890    144.835    35.7383    35.7432     3.3580    1505.58    26.8388    26.8405 0.0000e+00
    145.000    13.6366    13.6372   4.243458   4.243257     1.7893     0.0308     0.2015    35.7346 1.3623e-01     0.0938    143.843    35.7404    35.7380     3.3794    1505.56    26.8402    26.8383 0.0000e+00
    144.000    13.6403    13.6404   4.243297   4.244102     1.8071     0.0381     0.2052    35.7315 8.1492e-02     0.0987    142.852    35.7359    35.7434     3.4223    1505.55    26.8360    26.8418 0.0000e+00
    143.000    13.6274    13.6345   4.241434   4.242743     1.8198     0.0348     0.2024    35.7276 9.3943e-02     0.0964    141.860    35.7308    35.7365     3.4908    1505.49    26.8347    26.8376 0.0000e+00
    142.000    13.6115    13.6201   4.237661   4.240205     1.8424     0.0548     0.2058    35.7081 -2.058e-03     0.0941    140.868    35.7105    35.7265     3.6437    1505.40    26.8223    26.8328 0.0000e+00
    141.000    13.6242    13.6251   4.236261   4.236430     1.8765     0.0474     0.2034    35.6833 0.0000e+00     0.0915    139.877    35.6859    35.6866     3.7944    1505.39    26.8006    26.8009 0.0000e+00
    140.000    13.6461    13.6486   4.237309   4.237585     1.9135     0.0509     0.2021    35.6728 0.0000e+00     0.0885    138.885    35.6758    35.6760     3.9096    1505.44    26.7881    26.7878 0.0000e+00
    139.000    13.6654    13.6714   4.238351   4.239009     1.9523     0.0624     0.1984    35.6648 1.5328e-01     0.0866    137.893    35.6680    35.6685     3.9923    1505.47    26.7781    26.7772 0.0000e+00
    138.000    13.6715    13.6827   4.238759   4.239592     1.9902     0.0768     0.2018    35.6635 3.7293e-03     0.0937    136.902    35.6666    35.6640     4.0493    1505.47    26.7757    26.7713 0.0000e+00
    137.000    13.6814    13.6734   4.239185   4.239308     2.0345     0.0894     0.2035    35.6590 5.8788e-02     0.0960    135.910    35.6618    35.6704     4.0886    1505.48    26.7699    26.7782 0.0000e+00
    136.000    13.6802    13.6801   4.239222   4.239473     2.0677     0.1021     0.2085    35.6615 2.0270e-01     0.0914    134.918    35.6637    35.6661     4.0996    1505.47    26.7715    26.7734 0.0000e+00
    135.000    13.6793    13.6819   4.238231   4.239286     2.0864     0.1030     0.2057    35.6539 6.3104e-02     0.0926    133.926    35.6556    35.6631     4.1706    1505.44    26.7654    26.7707 0.0000e+00
    134.000    13.6794    13.6743   4.237238   4.237950     2.1088     0.0800     0.2059    35.6452 -1.934e-03     0.0930    132.935    35.6466    35.6580     4.2817    1505.41    26.7584    26.7683 0.0000e+00
    133.000    13.6957    13.6972   4.237207   4.237505     2.1334     0.0988     0.2059    35.6298 0.0000e+00     0.0922    131.943    35.6315    35.6329     4.3732    1505.43    26.7433    26.7441 0.0000e+00
    132.000    13.7058    13.7043   4.237565   4.237697     2.1576     0.1019     0.2045    35.6240 0.0000e+00     0.0904    130.951    35.6259    35.6286     4.4321    1505.44    26.7368    26.7392 0.0000e+00
    131.000    13.7086    13.7088   4.237548   4.237794     2.1785     0.1060     0.2034    35.6218 0.0000e+00     0.0904    129.959    35.6236    35.6257     4.4657    1505.43    26.7344    26.7361 0.0000e+00
    130.000    13.7070    13.7079   4.237178   4.236975     2.1983     0.1061     0.2054    35.6205 1.1190e-01     0.0904    128.968    35.6220    35.6193     4.4932    1505.41    26.7335    26.7312 0.0000e+00
    129.000    13.7060    13.7060   4.236567   4.236975     2.2227     0.1275     0.2060    35.6163 5.4083e-03     0.0900    127.976    35.6176    35.6215     4.5218    1505.38    26.7303    26.7333 0.0000e+00
    128.000    13.7053    13.7067   4.236492   4.237211     2.2441     0.1352     0.2058    35.6169 0.0000e+00     0.0865    126.984    35.6179    35.6235     4.5514    1505.36    26.7306    26.7346 0.0000e+00
    127.000    13.6930    13.7040   4.234004   4.236540     2.2632     0.1236     0.2011    35.6059 9.2777e-02     0.0899    125.992    35.6064    35.6201     4.6323    1505.29    26.7243    26.7326 0.0000e+00
    126.000    13.6828    13.6931   4.231926   4.234241     2.2849     0.1339     0.2010    35.5966 3.0965e-01     0.0899    125.001    35.5968    35.6090     4.7341    1505.23    26.7189    26.7262 0.0000e+00
    125.000    13.6640    13.6622   4.227481   4.226918     2.3170     0.1252     0.2010    35.5732 1.2419e-01     0.0857    124.009    35.5729    35.5692     4.8702    1505.12    26.7043    26.7019 0.0000e+00
    124.000    13.6555    13.6538   4.225150   4.224998     2.3563     0.1374     0.2020    35.5597 1.1828e-01     0.0747    123.017    35.5593    35.5594     4.9749    1505.06    26.6955    26.6959 0.0000e+00
    123.000    13.6583    13.6577   4.225023   4.224858     2.3902     0.1621     0.2045    35.5562 1.1236e-01     0.0932    122.025    35.5558    35.5549     5.0192    1505.05    26.6922    26.6916 0.0000e+00
    122.000    13.6650    13.6652   4.225434   4.225432     2.4132     0.1837     0.2079    35.5541 1.0245e-01     0.0924    121.034    35.5539    35.5537     5.0390    1505.06    26.6893    26.6892 0.0000e+00
    121.000    13.6673    13.6707   4.225533   4.225776     2.4320     0.2229     0.2059    35.5532 2.0333e-01     0.0886    120.042    35.5531    35.5522     5.0624    1505.05    26.6882    26.6868 0.0000e+00
    120.000    13.6700    13.6749   4.225707   4.226288     2.4484     0.2168     0.2042    35.5527 6.7735e-02     0.0890    119.050    35.5527    35.5536     5.0774    1505.04    26.6873    26.6870 0.0000e+00
    119.000    13.6737    13.6753   4.225975   4.226327     2.4597     0.2312     0.2090    35.5521 6.6167e-02     0.0920    118.058    35.5522    35.5541     5.0865    1505.03    26.6861    26.6872 0.0000e+00
