05_ctd/ctd_files/ar43_003.cnv
* Sea-Bird SBE 9 Data File:
* FileName = D:\Data\AR43_003.hex
* Software Version Seasave V 7.26.7.121
* Temperature SN = 4252
* Conductivity SN = 1860
* Number of Bytes Per Scan = 40
* Number of Voltage Words = 5
* Number of Scans Averaged by the Deck Unit = 1
* NMEA Latitude = 39 37.01 N
* NMEA Longitude = 070 53.32 W
* NMEA UTC (Time) = Mar 12 2020  22:59:55
** Cruise ID: AR43
** Chief Sci:
** Station #:
** Site ID:
# nquan = 19
# nvalues = 2021                        
# units = specified
# name 0 = prDM: Pressure, Digiquartz [db]
# name 1 = t090C: Temperature [ITS-90, deg C]
# name 2 = t190C: Temperature, 2 [ITS-90, deg C]
# name 3 = c0S/m: Conductivity [S/m]
# name 4 = c1S/m: Conductivity, 2 [S/m]
# name 5 = sbeox0V: Oxygen raw, SBE 43 [V]
# name 6 = flECO-AFL: Fluorescence, WET Labs ECO-AFL/FL [mg/m^3]
# name 7 = turbWETntu0: Turbidity, WET Labs ECO [NTU]
# name 8 = sal00: Salinity, Practical [PSU]
# name 9 = spar: SPAR, Biospherical/Licor
# name 10 = v6: Voltage 6
# name 11 = depSM: Depth [salt water, m], lat = 39.6168
# name 12 = sal00: Salinity, Practical [PSU]
# name 13 = sal11: Salinity, Practical, 2 [PSU]
# name 14 = sbeox0ML/L: Oxygen, SBE 43 [ml/l], WS = 2
# name 15 = svCM: Sound Velocity [Chen-Millero, m/s]
# name 16 = sigma-é00: Density [sigma-theta, kg/m^3]
# name 17 = sigma-é11: Density, 2 [sigma-theta, kg/m^3]
# name 18 = flag: flag
# span 0 =      2.000,   1012.000       
# span 1 =     4.3843,    13.9918       
# span 2 =     4.3855,    13.9924       
# span 3 =   3.332683,   4.267254       
# span 4 =   3.332788,   4.267385       
# span 5 =     1.5244,     2.7913       
# span 6 =    -0.0018,     1.8016       
# span 7 =     0.1755,     0.2770       
# span 8 =    34.9726,    35.6704       
# span 9 = -6.900e-02, 9.3827e-01       
# span 10 =     0.0721,     0.1133      
# span 11 =      1.985,   1001.840      
# span 12 =    34.9727,    35.6652      
# span 13 =    34.9733,    35.6700      
# span 14 =     2.8736,     5.8634      
# span 15 =    1481.96,    1506.03      
# span 16 =    26.5755,    27.7324      
# span 17 =    26.5763,    27.7329      
# span 18 = 0.0000e+00, 0.0000e+00      
# interval = decibars: 1                
# start_time = Mar 12 2020 22:59:55 [NMEA time, header]
# bad_flag = -9.990e-29
*END*
[from data line 915]
    917.000     4.5236     4.5245   3.342041   3.342155     2.1041     0.0225     0.1904    34.9821 5.9107e-01     0.0876    907.999    34.9819    34.9823     5.7131    1483.85    27.7234    27.7236 0.0000e+00
    918.000     4.5226     4.5234   3.341974   3.342093     2.1041     0.0400     0.1864    34.9820 1.6498e-01     0.1037    908.987    34.9817    34.9822     5.7124    1483.86    27.7233    27.7236 0.0000e+00
    919.000     4.5212     4.5220   3.341893   3.342010     2.1040     0.0459     0.1880    34.9820 5.2390e-01     0.1075    909.975    34.9817    34.9822     5.7132    1483.87    27.7235    27.7238 0.0000e+00
    920.000     4.5209     4.5218   3.341927   3.342056     2.1043     0.0475     0.1886    34.9822 5.1860e-01     0.1045    910.963    34.9819    34.9824     5.7166    1483.89    27.7237    27.7240 0.0000e+00
    921.000     4.5209     4.5218   3.341960   3.342087     2.1044     0.0404     0.1933    34.9821 7.5656e-01     0.1038    911.951    34.9818    34.9823     5.7193    1483.91    27.7236    27.7239 0.0000e+00
    922.000     4.5204     4.5213   3.341960   3.342075     2.1047     0.0301     0.1916    34.9820 5.0296e-01     0.0970    912.939    34.9818    34.9822     5.7199    1483.92    27.7237    27.7239 0.0000e+00
    923.000     4.5194     4.5216   3.341904   3.342125     2.1049     0.0198     0.1860    34.9819 4.2404e-01     0.0967    913.927    34.9817    34.9820     5.7196    1483.93    27.7237    27.7237 0.0000e+00
    924.000     4.5198     4.5197   3.341983   3.342023     2.1046     0.0420     0.1820    34.9818 3.2799e-01     0.1067    914.915    34.9817    34.9823     5.7156    1483.95    27.7237    27.7242 0.0000e+00
    925.000     4.5171     4.5179   3.341802   3.341923     2.1040     0.0030     0.1886    34.9822 2.3521e-01     0.1050    915.903    34.9819    34.9825     5.7127    1483.96    27.7242    27.7245 0.0000e+00
    926.000     4.5162     4.5171   3.341781   3.341891     2.1038     0.0107     0.1954    34.9823 2.6395e-01     0.1017    916.891    34.9821    34.9825     5.7146    1483.97    27.7244    27.7246 0.0000e+00
    927.000     4.5164     4.5172   3.341834   3.341946     2.1036     0.0249     0.1914    34.9822 4.1457e-01     0.1000    917.879    34.9820    34.9825     5.7158    1483.99    27.7243    27.7246 0.0000e+00
    928.000     4.5163     4.5172   3.341864   3.341979     2.1035     0.0384     0.1866    34.9821 3.7641e-01     0.0954    918.867    34.9819    34.9824     5.7187    1484.00    27.7243    27.7246 0.0000e+00
    929.000     4.5161     4.5170   3.341884   3.342005     2.1036     0.0267     0.1901    34.9821 2.4363e-03     0.0936    919.855    34.9819    34.9824     5.7201    1484.02    27.7243    27.7246 0.0000e+00
    930.000     4.5149     4.5158   3.341806   3.341944     2.1035     0.0395     0.1935    34.9820 3.9667e-01     0.0978    920.843    34.9818    34.9824     5.7191    1484.03    27.7244    27.7247 0.0000e+00
    931.000     4.5135     4.5144   3.341733   3.341860     2.1034     0.0382     0.1867    34.9821 4.3214e-01     0.0941    921.831    34.9819    34.9824     5.7189    1484.04    27.7246    27.7249 0.0000e+00
    932.000     4.5116     4.5124   3.341600   3.341714     2.1030     0.0192     0.1848    34.9820 6.3814e-01     0.1033    922.819    34.9818    34.9823     5.7149    1484.05    27.7247    27.7250 0.0000e+00
    933.000     4.5101     4.5109   3.341497   3.341622     2.1025     0.0143     0.1825    34.9820 2.3406e-01     0.0920    923.807    34.9817    34.9823     5.7154    1484.06    27.7249    27.7252 0.0000e+00
    934.000     4.5087     4.5096   3.341411   3.341532     2.1023     0.0231     0.1850    34.9818 3.1864e-01     0.0877    924.795    34.9816    34.9821     5.7183    1484.07    27.7249    27.7252 0.0000e+00
    935.000     4.5066     4.5074   3.341248   3.341362     2.1022     0.0396     0.1981    34.9817 3.5368e-01     0.0926    925.783    34.9814    34.9819     5.7192    1484.08    27.7250    27.7253 0.0000e+00
    936.000     4.5049     4.5057   3.341115   3.341233     2.1022     0.0544     0.1906    34.9815 4.0829e-01     0.1028    926.771    34.9812    34.9817     5.7208    1484.09    27.7250    27.7254 0.0000e+00
    937.000     4.5021     4.5031   3.340892   3.341021     2.1020     0.0296     0.1887    34.9813 4.6712e-01     0.1038    927.759    34.9809    34.9815     5.7204    1484.09    27.7251    27.7255 0.0000e+00
    938.000     4.5010     4.5020   3.340828   3.340959     2.1019     0.0321     0.1889    34.9812 4.5005e-01     0.1004    928.747    34.9808    34.9813     5.7230    1484.11    27.7252    27.7255 0.0000e+00
    939.000     4.4986     4.4994   3.340629   3.340747     2.1017     0.0517     0.1898    34.9809 2.8614e-01     0.0972    929.735    34.9806    34.9812     5.7220    1484.11    27.7253    27.7256 0.0000e+00
    940.000     4.4968     4.4977   3.340521   3.340646     2.1022     0.0491     0.1885    34.9811 3.4224e-01     0.1031    930.723    34.9807    34.9813     5.7288    1484.12    27.7256    27.7259 0.0000e+00
    941.000     4.4979     4.4990   3.340667   3.340813     2.1021     0.0326     0.1898    34.9810 3.3709e-01     0.0969    931.710    34.9807    34.9813     5.7266    1484.14    27.7255    27.7258 0.0000e+00
    942.000     4.4981     4.4990   3.340732   3.340863     2.1022     0.0284     0.1896    34.9810 4.9707e-01     0.0971    932.698    34.9808    34.9814     5.7261    1484.16    27.7255    27.7259 0.0000e+00
    943.000     4.4974     4.4982   3.340693   3.340808     2.1019     0.0044     0.1860    34.9808 3.4255e-01     0.0984    933.686    34.9806    34.9810     5.7246    1484.17    27.7254    27.7257 0.0000e+00
    944.000     4.4908     4.4911   3.340066   3.340113     2.1018     0.0300     0.1928    34.9801 4.2575e-01     0.1037    934.674    34.9797    34.9799     5.7275    1484.16    27.7254    27.7256 0.0000e+00
    945.000     4.4870     4.4879   3.339759   3.339876     2.1020     0.0328     0.1956    34.9800 6.5873e-01     0.0919    935.662    34.9796    34.9801     5.7317    1484.16    27.7258    27.7261 0.0000e+00
    946.000     4.4863     4.4872   3.339734   3.339851     2.1021     0.0239     0.1791    34.9799 2.0234e-01     0.0918    936.650    34.9795    34.9800     5.7323    1484.18    27.7258    27.7261 0.0000e+00
    947.000     4.4855     4.4865   3.339703   3.339845     2.1020     0.0401     0.1871    34.9798 1.7981e-01     0.0954    937.638    34.9795    34.9801     5.7286    1484.19    27.7259    27.7263 0.0000e+00
    948.000     4.4817     4.4829   3.339366   3.339508     2.1015     0.0401     0.1885    34.9795 1.3299e-01     0.1121    938.626    34.9790    34.9795     5.7276    1484.19    27.7260    27.7262 0.0000e+00
    949.000     4.4792     4.4800   3.339177   3.339287     2.1013     0.0401     0.1863    34.9794 5.3603e-01     0.1078    939.614    34.9789    34.9794     5.7289    1484.19    27.7262    27.7265 0.0000e+00
    950.000     4.4756     4.4766   3.338850   3.338983     2.1011     0.0453     0.1928    34.9790 4.3018e-01     0.1031    940.601    34.9785    34.9790     5.7321    1484.20    27.7262    27.7265 0.0000e+00
    951.000     4.4751     4.4759   3.338844   3.338950     2.1012     0.0452     0.1917    34.9788 4.1459e-01     0.0975    941.589    34.9783    34.9788     5.7335    1484.21    27.7261    27.7264 0.0000e+00
    952.000     4.4732     4.4741   3.338716   3.338834     2.1010     0.0211     0.1893    34.9788 5.8970e-01     0.0955    942.577    34.9784    34.9788     5.7335    1484.22    27.7264    27.7267 0.0000e+00
    953.000     4.4708     4.4716   3.338524   3.338644     2.1010     0.0337     0.1909    34.9785 3.0913e-01     0.0988    943.565    34.9781    34.9787     5.7345    1484.23    27.7265    27.7269 0.0000e+00
    954.000     4.4687     4.4695   3.338375   3.338479     2.1009     0.0422     0.1886    34.9785 4.6877e-01     0.1012    944.553    34.9781    34.9785     5.7367    1484.23    27.7267    27.7269 0.0000e+00
    955.000     4.4659     4.4668   3.338138   3.338256     2.1010     0.0329     0.1886    34.9782 5.2806e-01     0.1025    945.541    34.9777    34.9783     5.7353    1484.24    27.7267    27.7270 0.0000e+00
    956.000     4.4608     4.4617   3.337665   3.337786     2.1007     0.0328     0.1864    34.9777 3.8020e-01     0.0997    946.528    34.9771    34.9775     5.7366    1484.23    27.7268    27.7270 0.0000e+00
    957.000     4.4579     4.4585   3.337453   3.337545     2.1007     0.0328     0.1900    34.9778 4.2016e-01     0.0987    947.516    34.9772    34.9776     5.7429    1484.24    27.7272    27.7274 0.0000e+00
    958.000     4.4560     4.4576   3.337275   3.337480     2.1012     0.0345     0.1922    34.9772 2.1716e-01     0.0976    948.504    34.9766    34.9773     5.7435    1484.24    27.7269    27.7273 0.0000e+00
    959.000     4.4505     4.4515   3.336807   3.336937     2.1011     0.0323     0.1885    34.9770 5.1308e-01     0.0988    949.492    34.9764    34.9768     5.7450    1484.24    27.7273    27.7276 0.0000e+00
    960.000     4.4481     4.4490   3.336626   3.336755     2.1018     0.0408     0.1908    34.9769 3.5518e-01     0.1030    950.480    34.9763    34.9768     5.7537    1484.25    27.7276    27.7279 0.0000e+00
    961.000     4.4465     4.4475   3.336527   3.336670     2.1024     0.0507     0.2036    34.9768 2.3396e-04     0.0997    951.468    34.9763    34.9769     5.7503    1484.26    27.7277    27.7281 0.0000e+00
    962.000     4.4421     4.4434   3.336141   3.336298     2.1022     0.0114     0.1865    34.9765 2.2142e-01     0.0983    952.455    34.9759    34.9764     5.7516    1484.25    27.7279    27.7282 0.0000e+00
    963.000     4.4385     4.4396   3.335853   3.336001     2.1023     0.0308     0.1883    34.9764 3.8727e-01     0.0908    953.443    34.9758    34.9765     5.7519    1484.25    27.7282    27.7286 0.0000e+00
    964.000     4.4375     4.4385   3.335806   3.335938     2.1023     0.0328     0.1949    34.9764 1.0276e-01     0.0952    954.431    34.9758    34.9763     5.7541    1484.27    27.7283    27.7286 0.0000e+00
    965.000     4.4371     4.4381   3.335817   3.335944     2.1024     0.0272     0.1901    34.9764 6.4564e-01     0.1018    955.419    34.9759    34.9763     5.7553    1484.28    27.7285    27.7287 0.0000e+00
    966.000     4.4365     4.4373   3.335803   3.335916     2.1024     0.0303     0.1916    34.9763 2.1884e-01     0.1012    956.407    34.9758    34.9763     5.7563    1484.30    27.7285    27.7288 0.0000e+00
    967.000     4.4355     4.4362   3.335740   3.335853     2.1026     0.0327     0.1922    34.9761 4.9157e-01     0.0986    957.394    34.9757    34.9762     5.7582    1484.31    27.7285    27.7288 0.0000e+00
    968.000     4.4324     4.4335   3.335487   3.335632     2.1029     0.0121     0.1897    34.9759 3.6834e-01     0.0964    958.382    34.9754    34.9760     5.7631    1484.31    27.7287    27.7290 0.0000e+00
    969.000     4.4314     4.4325   3.335450   3.335601     2.1035     0.0410     0.1831    34.9759 3.1209e-01     0.0966    959.370    34.9755    34.9761     5.7640    1484.32    27.7289    27.7292 0.0000e+00
    970.000     4.4308     4.4316   3.335436   3.335560     2.1036     0.0309     0.1905    34.9759 1.9201e-01     0.1075    960.358    34.9755    34.9761     5.7629    1484.34    27.7289    27.7293 0.0000e+00
    971.000     4.4308     4.4316   3.335482   3.335610     2.1033     0.0223     0.2019    34.9758 1.3545e-01     0.1013    961.345    34.9755    34.9762     5.7593    1484.35    27.7289    27.7294 0.0000e+00
    972.000     4.4305     4.4312   3.335484   3.335608     2.1027     0.0217     0.1903    34.9757 4.2575e-01     0.0927    962.333    34.9754    34.9761     5.7603    1484.37    27.7289    27.7293 0.0000e+00
    973.000     4.4236     4.4245   3.334865   3.335002     2.1029     0.0361     0.1829    34.9753 3.5960e-01     0.0991    963.321    34.9749    34.9755     5.7665    1484.36    27.7292    27.7296 0.0000e+00
    974.000     4.4187     4.4194   3.334456   3.334561     2.1039     0.0170     0.1955    34.9751 5.6698e-01     0.1005    964.309    34.9748    34.9753     5.7722    1484.35    27.7297    27.7300 0.0000e+00
    975.000     4.4178     4.4181   3.334406   3.334494     2.1040     0.0366     0.1890    34.9750 4.1512e-01     0.0992    965.296    34.9747    34.9753     5.7714    1484.37    27.7297    27.7302 0.0000e+00
    976.000     4.4161     4.4161   3.334304   3.334340     2.1044     0.0254     0.1845    34.9750 5.4751e-01     0.1028    966.284    34.9747    34.9752     5.7776    1484.38    27.7299    27.7303 0.0000e+00
    977.000     4.4144     4.4151   3.334172   3.334288     2.1051     0.0278     0.2007    34.9747 3.6175e-01     0.0970    967.272    34.9744    34.9751     5.7781    1484.39    27.7299    27.7303 0.0000e+00
    978.000     4.4139     4.4150   3.334172   3.334329     2.1050     0.0217     0.1861    34.9746 6.4211e-01     0.0966    968.260    34.9744    34.9751     5.7760    1484.40    27.7299    27.7304 0.0000e+00
    979.000     4.4138     4.4142   3.334201   3.334283     2.1050     0.0416     0.1860    34.9746 3.5639e-01     0.1033    969.247    34.9744    34.9750     5.7783    1484.42    27.7300    27.7304 0.0000e+00
    980.000     4.4137     4.4136   3.334232   3.334269     2.1045     0.0410     0.1919    34.9745 4.0458e-01     0.0949    970.235    34.9744    34.9749     5.7742    1484.43    27.7299    27.7304 0.0000e+00
    981.000     4.4112     4.4116   3.334058   3.334139     2.1042     0.0312     0.1882    34.9746 2.6454e-01     0.0982    971.223    34.9744    34.9749     5.7755    1484.44    27.7303    27.7306 0.0000e+00
    982.000     4.4114     4.4115   3.334111   3.334167     2.1039     0.0304     0.1879    34.9744 3.1429e-01     0.0980    972.211    34.9743    34.9750     5.7752    1484.46    27.7302    27.7307 0.0000e+00
    983.000     4.4105     4.4112   3.334072   3.334189     2.1037     0.0346     0.1848    34.9745 2.9956e-01     0.0954    973.198    34.9743    34.9750     5.7770    1484.47    27.7303    27.7307 0.0000e+00
    984.000     4.4102     4.4112   3.334085   3.334215     2.1039     0.0192     0.1888    34.9744 5.8132e-01     0.0955    974.186    34.9743    34.9748     5.7787    1484.48    27.7303    27.7306 0.0000e+00
    985.000     4.4103     4.4115   3.334141   3.334305     2.1038     0.0410     0.1864    34.9743 6.5239e-01     0.0964    975.174    34.9743    34.9750     5.7761    1484.50    27.7303    27.7307 0.0000e+00
    986.000     4.4086     4.4100   3.334025   3.334216     2.1034     0.0327     0.1909    34.9744 9.9129e-02     0.0938    976.161    34.9743    34.9750     5.7726    1484.51    27.7305    27.7309 0.0000e+00
    987.000     4.4082     4.4092   3.334032   3.334179     2.1028     0.0328     0.1904    34.9744 3.8619e-01     0.0966    977.149    34.9743    34.9749     5.7705    1484.53    27.7305    27.7309 0.0000e+00
    988.000     4.4068     4.4083   3.333949   3.334128     2.1022     0.0462     0.1924    34.9744 7.0950e-01     0.0986    978.137    34.9743    34.9748     5.7706    1484.54    27.7307    27.7310 0.0000e+00
    989.000     4.4077     4.4082   3.334056   3.334169     2.1016     0.0283     0.1858    34.9741 -6.900e-02     0.1008    979.124    34.9740    34.9748     5.7752    1484.56    27.7304    27.7310 0.0000e+00
    990.000     4.4052     4.4058   3.333881   3.333997     2.1012     0.0454     0.1914    34.9743 8.9985e-02     0.0992    980.112    34.9742    34.9748     5.7699    1484.56    27.7308    27.7312 0.0000e+00
    991.000     4.3994     4.4004   3.333393   3.333530     2.1005     0.0419     0.1896    34.9743 4.2503e-01     0.1018    981.100    34.9740    34.9745     5.7679    1484.55    27.7313    27.7316 0.0000e+00
