05_ctd/ctd_files/ar43_004.cnv
* Sea-Bird SBE 9 Data File:
* FileName = D:\Data\AR43_004.hex
* Software Version Seasave V 7.26.7.121
* Temperature SN = 4252
* Conductivity SN = 1860
* Number of Bytes Per Scan = 40
* Number of Voltage Words = 5
* Number of Scans Averaged by the Deck Unit = 1
* NMEA Latitude = 39 31.05 N
* NMEA Longitude = 070 44.77 W
* NMEA UTC (Time) = Mar 13 2020  16:10:40
** Cruise ID: AR43
** Chief Sci:
** Station #:
** Site ID:
# nquan = 19
# nvalues = 2019                        
# units = specified
# name 0 = prDM: Pressure, Digiquartz [db]
# name 1 = t090C: Temperature [ITS-90, deg C]
# name 2 = t190C: Temperature, 2 [ITS-90, deg C]
# name 3 = c0S/m: Conductivity [S/m]
# name 4 = c1S/m: Conductivity, 2 [S/m]
# name 5 = sbeox0V: Oxygen raw, SBE 43 [V]
# name 6 = flECO-AFL: Fluorescence, WET Labs ECO-AFL/FL [mg/m^3]
# name 7 = turbWETntu0: Turbidity, WET Labs ECO [NTU]
# name 8 = sal00: Salinity, Practical [PSU]
# name 9 = spar: SPAR, Biospherical/Licor
# name 10 = v6: Voltage 6
# name 11 = depSM: Depth [salt water, m], lat = 39.5175
# name 12 = sal00: Salinity, Practical [PSU]
# name 13 = sal11: Salinity, Practical, 2 [PSU]
# name 14 = sbeox0ML/L: Oxygen, SBE 43 [ml/l], WS = 2
# name 15 = svCM: Sound Velocity [Chen-Millero, m/s]
# name 16 = sigma-é00: Density [sigma-theta, kg/m^3]
# name 17 = sigma-é11: Density, 2 [sigma-theta, kg/m^3]
# name 18 = flag: flag
# span 0 =      2.000,   1012.000       
# span 1 =     4.3399,    14.4784       
# span 2 =     4.3408,    14.4801       
# span 3 =   3.328310,   4.333380       
# span 4 =   3.328425,   4.333456       
# span 5 =     1.5615,     2.7215       
# span 6 =    -0.0087,     0.9291       
# span 7 =     0.1676,     0.2137       
# span 8 =    34.9762,    35.7969       
# span 9 = 9.1203e+02, 9.3206e+02       
# span 10 =     0.0759,     0.1174      
# span 11 =      1.985,   1001.849      
# span 12 =    34.9761,    35.8007      
# span 13 =    34.9765,    35.8066      
# span 14 =     2.9577,     5.8304      
# span 15 =    1482.71,    1508.25      
# span 16 =    26.5589,    27.7419      
# span 17 =    26.5597,    27.7421      
# span 18 = 0.0000e+00, 0.0000e+00      
# interval = decibars: 1                
# start_time = Mar 13 2020 16:10:40 [NMEA time, header]
# bad_flag = -9.990e-29
*END*
[from data line 991]
    995.000     4.3439     4.3448   3.328882   3.328979     2.1107     0.0182     0.1813    34.9780 9.1840e+02     0.1059    985.059    34.9776    34.9778     5.8257    1484.40    27.7402    27.7402 0.0000e+00
    996.000     4.3476     4.3483   3.329314   3.329394     2.1106     0.0143     0.1831    34.9785 9.2121e+02     0.1042    986.047    34.9783    34.9784     5.8218    1484.43    27.7403    27.7404 0.0000e+00
    997.000     4.3489     4.3501   3.329498   3.329637     2.1106     0.0593     0.1789    34.9787 9.2090e+02     0.0993    987.035    34.9785    34.9789     5.8169    1484.45    27.7404    27.7406 0.0000e+00
    998.000     4.3492     4.3501   3.329566   3.329681     2.1100     0.0211     0.1790    34.9787 9.2106e+02     0.0969    988.022    34.9785    34.9789     5.8137    1484.47    27.7404    27.7406 0.0000e+00
    999.000     4.3494     4.3503   3.329641   3.329749     2.1092     0.0180     0.1765    34.9788 9.2078e+02     0.0977    989.010    34.9786    34.9790     5.8119    1484.49    27.7404    27.7407 0.0000e+00
   1000.000     4.3494     4.3504   3.329663   3.329802     2.1088     0.0355     0.1788    34.9785 9.2119e+02     0.0978    989.997    34.9784    34.9790     5.8161    1484.50    27.7402    27.7406 0.0000e+00
   1001.000     4.3491     4.3501   3.329694   3.329820     2.1089     0.0364     0.1766    34.9787 9.2073e+02     0.1002    990.985    34.9786    34.9790     5.8200    1484.52    27.7404    27.7407 0.0000e+00
   1002.000     4.3491     4.3503   3.329752   3.329895     2.1090     0.0328     0.1766    34.9788 9.2097e+02     0.0941    991.973    34.9787    34.9791     5.8175    1484.54    27.7406    27.7408 0.0000e+00
   1003.000     4.3492     4.3499   3.329821   3.329916     2.1085    -0.0054     0.1766    34.9791 9.2118e+02     0.0992    992.960    34.9790    34.9793     5.8143    1484.55    27.7408    27.7409 0.0000e+00
   1004.000     4.3504     4.3513   3.330000   3.330119     2.1079     0.0297     0.1806    34.9794 9.1966e+02     0.0931    993.948    34.9793    34.9797     5.8124    1484.57    27.7409    27.7412 0.0000e+00
   1005.000     4.3486     4.3493   3.329859   3.329973     2.1076     0.0298     0.1814    34.9791 9.2135e+02     0.0985    994.936    34.9790    34.9796     5.8157    1484.58    27.7409    27.7413 0.0000e+00
   1006.000     4.3443     4.3448   3.329510   3.329580     2.1073     0.0147     0.1824    34.9792 9.2101e+02     0.1077    995.923    34.9790    34.9792     5.8153    1484.58    27.7413    27.7415 0.0000e+00
   1007.000     4.3460     4.3464   3.329774   3.329835     2.1072     0.0071     0.1829    34.9799 9.2114e+02     0.1004    996.911    34.9797    34.9800     5.8135    1484.61    27.7418    27.7420 0.0000e+00
   1008.000     4.3469     4.3474   3.329923   3.329983     2.1067     0.0077     0.1800    34.9801 9.2105e+02     0.0994    997.898    34.9800    34.9802     5.8149    1484.63    27.7419    27.7420 0.0000e+00
   1009.000     4.3469     4.3478   3.329942   3.330062     2.1069     0.0074     0.1707    34.9799 9.2135e+02     0.0954    998.886    34.9798    34.9802     5.8174    1484.64    27.7417    27.7420 0.0000e+00
   1010.000     4.3472     4.3485   3.330006   3.330129     2.1063     0.0213     0.1739    34.9797 9.2110e+02     0.1001    999.874    34.9797    34.9798     5.8135    1484.66    27.7416    27.7416 0.0000e+00
   1011.000     4.3487     4.3495   3.330142   3.330259     2.1056     0.0319     0.1744    34.9792 9.2083e+02     0.1004   1000.861    34.9792    34.9797     5.8148    1484.68    27.7411    27.7414 0.0000e+00
   1012.000     4.3442     4.3438   3.329754   3.329758     2.1057     0.0316     0.1802    34.9790 9.2092e+02     0.0975   1001.849    34.9789    34.9793     5.8183    1484.68    27.7413    27.7417 0.0000e+00
   1011.000     4.3492     4.3479   3.330164   3.330101     2.1060     0.0172     0.1830    34.9789 9.2075e+02     0.1036   1000.861    34.9790    34.9796     5.8162    1484.68    27.7408    27.7415 0.0000e+00
   1010.000     4.3421     4.3436   3.329525   3.329683     2.1068     0.0364     0.1753    34.9794 9.2118e+02     0.0993    999.874    34.9794    34.9798     5.8179    1484.64    27.7419    27.7421 0.0000e+00
   1009.000     4.3462     4.3464   3.329809   3.329898     2.1063     0.0116     0.1764    34.9789 9.2116e+02     0.0963    998.886    34.9790    34.9797     5.8155    1484.64    27.7411    27.7417 0.0000e+00
   1008.000     4.3466     4.3472   3.329825   3.329932     2.1064     0.0250     0.1782    34.9791 9.2109e+02     0.0994    997.898    34.9792    34.9798     5.8156    1484.62    27.7413    27.7417 0.0000e+00
   1007.000     4.3469     4.3480   3.329816   3.329970     2.1066     0.0333     0.1785    34.9792 9.2139e+02     0.1015    996.911    34.9793    34.9800     5.8162    1484.61    27.7413    27.7417 0.0000e+00
   1006.000     4.3467     4.3472   3.329775   3.329869     2.1067     0.0299     0.1832    34.9794 9.2117e+02     0.1020    995.923    34.9795    34.9801     5.8157    1484.59    27.7415    27.7419 0.0000e+00
   1005.000     4.3468     4.3474   3.329724   3.329815     2.1069     0.0248     0.1842    34.9793 9.2119e+02     0.0964    994.936    34.9793    34.9798     5.8180    1484.58    27.7413    27.7416 0.0000e+00
   1004.000     4.3480     4.3485   3.329776   3.329875     2.1072     0.0186     0.1776    34.9791 9.2116e+02     0.0986    993.948    34.9792    34.9798     5.8194    1484.56    27.7411    27.7415 0.0000e+00
   1003.000     4.3497     4.3501   3.329878   3.329974     2.1077     0.0468     0.1749    34.9790 9.2125e+02     0.0964    992.960    34.9791    34.9798     5.8166    1484.55    27.7408    27.7413 0.0000e+00
   1002.000     4.3511     4.3525   3.329963   3.330148     2.1074     0.0435     0.1771    34.9790 9.1896e+02     0.1078    991.973    34.9792    34.9798     5.8123    1484.54    27.7407    27.7411 0.0000e+00
   1001.000     4.3522     4.3524   3.330024   3.330087     2.1073     0.0212     0.1824    34.9791 9.2097e+02     0.1060    990.985    34.9792    34.9798     5.8120    1484.53    27.7406    27.7410 0.0000e+00
   1000.000     4.3535     4.3534   3.330100   3.330136     2.1075     0.0202     0.1777    34.9791 9.2131e+02     0.0968    989.997    34.9793    34.9798     5.8135    1484.52    27.7405    27.7409 0.0000e+00
    999.000     4.3537     4.3542   3.330053   3.330148     2.1076     0.0324     0.1789    34.9788 9.2125e+02     0.0987    989.010    34.9789    34.9795     5.8164    1484.50    27.7402    27.7406 0.0000e+00
    998.000     4.3520     4.3519   3.329807   3.329837     2.1081     0.0227     0.1807    34.9783 9.2114e+02     0.1030    988.022    34.9784    34.9788     5.8188    1484.48    27.7400    27.7403 0.0000e+00
    997.000     4.3507     4.3506   3.329637   3.329652     2.1086     0.0191     0.1814    34.9782 9.2123e+02     0.1074    987.035    34.9782    34.9786     5.8203    1484.46    27.7400    27.7402 0.0000e+00
    996.000     4.3492     4.3496   3.329431   3.329492     2.1091     0.0204     0.1814    34.9779 9.2104e+02     0.1008    986.047    34.9779    34.9783     5.8196    1484.44    27.7398    27.7401 0.0000e+00
    995.000     4.3485     4.3499   3.329309   3.329503     2.1093     0.0249     0.1824    34.9778 9.2107e+02     0.0979    985.059    34.9778    34.9786     5.8200    1484.42    27.7398    27.7403 0.0000e+00
    994.000     4.3482     4.3492   3.329230   3.329364     2.1104     0.0098     0.1793    34.9776 9.2119e+02     0.1036    984.072    34.9776    34.9781     5.8272    1484.40    27.7397    27.7400 0.0000e+00
    993.000     4.3470     4.3472   3.328999   3.329079     2.1111     0.0202     0.1746    34.9768 9.1852e+02     0.1051    983.084    34.9767    34.9774     5.8249    1484.37    27.7391    27.7397 0.0000e+00
    992.000     4.3438     4.3445   3.328615   3.328721     2.1111     0.0266     0.1761    34.9762 9.2146e+02     0.0968    982.096    34.9761    34.9766     5.8212    1484.34    27.7389    27.7393 0.0000e+00
    991.000     4.3439     4.3446   3.328578   3.328707     2.1112     0.0330     0.1791    34.9762 9.2074e+02     0.0989    981.109    34.9761    34.9768     5.8210    1484.33    27.7389    27.7394 0.0000e+00
    990.000     4.3446     4.3460   3.328626   3.328783     2.1111     0.0222     0.1813    34.9765 9.2112e+02     0.1059    980.121    34.9764    34.9768     5.8225    1484.31    27.7390    27.7392 0.0000e+00
    989.000     4.3458     4.3462   3.328694   3.328787     2.1119     0.0271     0.1802    34.9765 9.2122e+02     0.1028    979.133    34.9764    34.9771     5.8251    1484.30    27.7390    27.7394 0.0000e+00
    988.000     4.3452     4.3465   3.328608   3.328771     2.1123     0.0214     0.1758    34.9766 9.2107e+02     0.0989    978.146    34.9765    34.9771     5.8227    1484.28    27.7391    27.7394 0.0000e+00
    987.000     4.3480     4.3485   3.328807   3.328911     2.1125     0.0460     0.1808    34.9764 9.2114e+02     0.1005    977.158    34.9764    34.9771     5.8261    1484.28    27.7387    27.7392 0.0000e+00
    986.000     4.3497     4.3511   3.328944   3.329142     2.1130     0.0475     0.1815    34.9767 9.2109e+02     0.1026    976.170    34.9768    34.9776     5.8304    1484.27    27.7388    27.7393 0.0000e+00
    985.000     4.3521     4.3527   3.329136   3.329266     2.1136     0.0475     0.1814    34.9769 9.2073e+02     0.1038    975.182    34.9770    34.9779     5.8295    1484.26    27.7388    27.7393 0.0000e+00
    984.000     4.3535     4.3554   3.329238   3.329506     2.1140     0.0341     0.1749    34.9770 9.2095e+02     0.1026    974.195    34.9772    34.9784     5.8269    1484.25    27.7387    27.7395 0.0000e+00
    983.000     4.3556     4.3595   3.329409   3.329849     2.1140     0.0278     0.1775    34.9773 9.2113e+02     0.0968    973.207    34.9776    34.9786     5.8203    1484.25    27.7388    27.7392 0.0000e+00
    982.000     4.3558     4.3570   3.329415   3.329569     2.1131     0.0196     0.1792    34.9777 9.2042e+02     0.0964    972.219    34.9779    34.9785     5.8146    1484.23    27.7390    27.7393 0.0000e+00
    981.000     4.3542     4.3574   3.329205   3.329554     2.1131     0.0336     0.1756    34.9776 9.2143e+02     0.1011    971.232    34.9777    34.9784     5.8243    1484.21    27.7390    27.7392 0.0000e+00
    980.000     4.3651     4.3653   3.330231   3.330324     2.1136     0.0217     0.1747    34.9782 9.2113e+02     0.1046    970.244    34.9786    34.9795     5.8213    1484.24    27.7386    27.7393 0.0000e+00
    979.000     4.3715     4.3739   3.330800   3.331135     2.1141     0.0237     0.1758    34.9786 9.2138e+02     0.1042    969.256    34.9791    34.9805     5.8191    1484.25    27.7383    27.7391 0.0000e+00
    978.000     4.3765     4.3774   3.331211   3.331384     2.1139     0.0333     0.1792    34.9785 9.2074e+02     0.1025    968.268    34.9792    34.9803     5.8122    1484.25    27.7378    27.7385 0.0000e+00
    977.000     4.3772     4.3793   3.331255   3.331524     2.1136     0.0328     0.1808    34.9789 9.2126e+02     0.1026    967.281    34.9795    34.9804     5.8059    1484.24    27.7379    27.7384 0.0000e+00
    976.000     4.3818     4.3818   3.331684   3.331731     2.1127     0.0254     0.1814    34.9794 9.2130e+02     0.1014    966.293    34.9801    34.9807     5.8024    1484.24    27.7379    27.7383 0.0000e+00
    975.000     4.3837     4.3814   3.331831   3.331634     2.1123     0.0182     0.1848    34.9797 9.2115e+02     0.1000    965.305    34.9804    34.9804     5.8077    1484.23    27.7379    27.7382 0.0000e+00
    974.000     4.3901     4.3935   3.332374   3.332798     2.1127     0.0214     0.1790    34.9797 9.2127e+02     0.1029    964.317    34.9804    34.9818     5.8083    1484.24    27.7373    27.7380 0.0000e+00
    973.000     4.3991     4.4012   3.333227   3.333578     2.1129     0.0180     0.1814    34.9806 9.1845e+02     0.1022    963.330    34.9815    34.9834     5.8056    1484.27    27.7371    27.7384 0.0000e+00
    972.000     4.4097     4.4112   3.334249   3.334485     2.1128     0.0217     0.1791    34.9817 9.2128e+02     0.1000    962.342    34.9828    34.9839     5.7976    1484.29    27.7370    27.7377 0.0000e+00
    971.000     4.4134     4.4163   3.334614   3.334949     2.1124     0.0122     0.1757    34.9826 9.2097e+02     0.0977    961.354    34.9837    34.9845     5.7929    1484.29    27.7373    27.7376 0.0000e+00
    970.000     4.4156     4.4149   3.334792   3.334755     2.1113     0.0272     0.1829    34.9830 9.2121e+02     0.0968    960.366    34.9839    34.9843     5.7854    1484.29    27.7372    27.7376 0.0000e+00
    969.000     4.4150     4.4155   3.334704   3.334821     2.1102     0.0332     0.1821    34.9833 9.2098e+02     0.1061    959.379    34.9841    34.9849     5.7837    1484.27    27.7374    27.7380 0.0000e+00
    968.000     4.4185     4.4207   3.334983   3.335307     2.1101     0.0332     0.1834    34.9833 9.2126e+02     0.1000    958.391    34.9841    34.9856     5.7859    1484.27    27.7371    27.7380 0.0000e+00
    967.000     4.4254     4.4271   3.335662   3.335875     2.1099     0.0355     0.1788    34.9844 9.2138e+02     0.0947    957.403    34.9853    34.9861     5.7818    1484.28    27.7373    27.7377 0.0000e+00
    966.000     4.4293     4.4295   3.335966   3.336069     2.1098     0.0340     0.1805    34.9843 9.2125e+02     0.0937    956.415    34.9853    34.9863     5.7773    1484.28    27.7368    27.7375 0.0000e+00
    965.000     4.4288     4.4294   3.335883   3.335995     2.1091     0.0295     0.1790    34.9845 9.2138e+02     0.0928    955.427    34.9853    34.9861     5.7721    1484.26    27.7369    27.7374 0.0000e+00
    964.000     4.4282     4.4291   3.335797   3.335911     2.1084     0.0261     0.1743    34.9848 9.2123e+02     0.1023    954.440    34.9855    34.9859     5.7710    1484.24    27.7371    27.7373 0.0000e+00
    963.000     4.4285     4.4285   3.335774   3.335814     2.1080     0.0261     0.1765    34.9848 9.1987e+02     0.0968    953.452    34.9854    34.9858     5.7751    1484.23    27.7369    27.7373 0.0000e+00
    962.000     4.4407     4.4398   3.336851   3.336946     2.1083     0.0330     0.1817    34.9848 9.2089e+02     0.1015    952.464    34.9857    34.9877     5.7770    1484.26    27.7358    27.7375 0.0000e+00
    961.000     4.4459     4.4557   3.337462   3.338609     2.1088     0.0368     0.1837    34.9870 9.2127e+02     0.1050    951.476    34.9879    34.9909     5.7754    1484.27    27.7370    27.7384 0.0000e+00
    960.000     4.4790     4.4795   3.340724   3.340947     2.1087     0.0352     0.1817    34.9898 9.2125e+02     0.1012    950.488    34.9916    34.9937     5.7611    1484.39    27.7364    27.7380 0.0000e+00
    959.000     4.4900     4.4986   3.341769   3.342794     2.1080     0.0207     0.1801    34.9908 9.2137e+02     0.1029    949.500    34.9928    34.9957     5.7506    1484.42    27.7361    27.7375 0.0000e+00
    958.000     4.4973     4.5046   3.342488   3.343284     2.1069     0.0152     0.1790    34.9920 9.2137e+02     0.1033    948.513    34.9940    34.9957     5.7433    1484.44    27.7362    27.7368 0.0000e+00
    957.000     4.5027     4.4997   3.343139   3.342771     2.1049     0.0353     0.1790    34.9947 9.2144e+02     0.1036    947.525    34.9965    34.9953     5.7293    1484.45    27.7376    27.7370 0.0000e+00
    956.000     4.4992     4.4979   3.342684   3.342592     2.1024     0.0386     0.1871    34.9940 9.2128e+02     0.1029    946.537    34.9953    34.9956     5.7340    1484.41    27.7370    27.7374 0.0000e+00
    955.000     4.5064     4.5092   3.343338   3.343730     2.1024     0.0478     0.1857    34.9946 9.2125e+02     0.1000    945.549    34.9959    34.9975     5.7361    1484.43    27.7368    27.7377 0.0000e+00
