05_ctd/ctd_files/ar43_006.cnv
* Sea-Bird SBE 9 Data File:
* FileName = D:\Data\AR43_006.hex
* Software Version Seasave V 7.26.7.121
* Temperature SN = 4252
* Conductivity SN = 1860
* Number of Bytes Per Scan = 40
* Number of Voltage Words = 5
* Number of Scans Averaged by the Deck Unit = 1
* NMEA Latitude = 39 38.54 N
* NMEA Longitude = 070 51.35 W
* NMEA UTC (Time) = Mar 14 2020  16:10:50
** Cruise ID: AR43
** Chief Sci:
** Station #:
** Site ID:
# nquan = 19
# nvalues = 2021                        
# units = specified
# name 0 = prDM: Pressure, Digiquartz [db]
# name 1 = t090C: Temperature [ITS-90, deg C]
# name 2 = t190C: Temperature, 2 [ITS-90, deg C]
# name 3 = c0S/m: Conductivity [S/m]
# name 4 = c1S/m: Conductivity, 2 [S/m]
# name 5 = sbeox0V: Oxygen raw, SBE 43 [V]
# name 6 = flECO-AFL: Fluorescence, WET Labs ECO-AFL/FL [mg/m^3]
# name 7 = turbWETntu0: Turbidity, WET Labs ECO [NTU]
# name 8 = sal00: Salinity, Practical [PSU]
# name 9 = spar: SPAR, Biospherical/Licor
# name 10 = v6: Voltage 6
# name 11 = depSM: Depth [salt water, m], lat = 39.6423
# name 12 = sal00: Salinity, Practical [PSU]
# name 13 = sal11: Salinity, Practical, 2 [PSU]
# name 14 = sbeox0ML/L: Oxygen, SBE 43 [ml/l], WS = 2
# name 15 = svCM: Sound Velocity [Chen-Millero, m/s]
# name 16 = sigma-é00: Density [sigma-theta, kg/m^3]
# name 17 = sigma-é11: Density, 2 [sigma-theta, kg/m^3]
# name 18 = flag: flag
# span 0 =      4.000,   1014.000       
# span 1 =     4.3051,    14.3143       
# span 2 =     4.3062,    14.3206       
# span 3 =   3.325183,   4.308073       
# span 4 =   3.325289,   4.308777       
# span 5 =     1.5813,     2.7337       
# span 6 =     0.0029,     0.8643       
# span 7 =     0.1738,     0.2958       
# span 8 =    34.9667,    35.7603       
# span 9 = 1.6104e+02, 9.6694e+02       
# span 10 =     0.0477,     0.1171      
# span 11 =      3.969,   1003.813      
# span 12 =    34.9666,    35.7608      
# span 13 =    34.9670,    35.7653      
# span 14 =     3.0101,     5.8437      
# span 15 =    1481.97,    1507.50      
# span 16 =    26.5252,    27.7359      
# span 17 =    26.5248,    27.7360      
# span 18 = 0.0000e+00, 0.0000e+00      
# interval = decibars: 1                
# start_time = Mar 14 2020 16:10:50 [NMEA time, header]
# bad_flag = -9.990e-29
*END*
[from data line 686]
    690.000     4.9819     4.9831   3.375830   3.375933     2.0753     0.0431     0.1829    35.0101 9.4827e+02     0.0990    683.597    35.0091    35.0090     5.3813    1482.01    27.6912    27.6910 0.0000e+00
    691.000     4.9806     4.9816   3.375743   3.375834     2.0760     0.0305     0.1872    35.0098 9.4818e+02     0.1006    684.586    35.0089    35.0089     5.3880    1482.02    27.6912    27.6911 0.0000e+00
    692.000     4.9771     4.9778   3.375434   3.375480     2.0766     0.0375     0.1913    35.0094 9.4814e+02     0.1056    685.575    35.0085    35.0083     5.3874    1482.02    27.6913    27.6911 0.0000e+00
    693.000     4.9735     4.9739   3.375137   3.375168     2.0767     0.0302     0.1896    35.0092 9.4834e+02     0.1026    686.564    35.0084    35.0083     5.3870    1482.03    27.6916    27.6915 0.0000e+00
    694.000     4.9696     4.9704   3.374809   3.374855     2.0767     0.0219     0.1851    35.0090 9.4312e+02     0.0966    687.553    35.0081    35.0079     5.3906    1482.03    27.6919    27.6916 0.0000e+00
    695.000     4.9644     4.9656   3.374349   3.374443     2.0770     0.0289     0.1818    35.0087 9.4833e+02     0.0955    688.542    35.0077    35.0075     5.3944    1482.02    27.6922    27.6919 0.0000e+00
    696.000     4.9632     4.9645   3.374266   3.374390     2.0774     0.0398     0.1834    35.0084 9.4813e+02     0.1002    689.531    35.0075    35.0076     5.3969    1482.03    27.6922    27.6921 0.0000e+00
    697.000     4.9605     4.9619   3.374092   3.374218     2.0781     0.0296     0.1830    35.0086 9.4809e+02     0.1023    690.521    35.0078    35.0078     5.4029    1482.04    27.6927    27.6925 0.0000e+00
    698.000     4.9656     4.9656   3.374794   3.374768     2.0793     0.0471     0.1888    35.0106 9.4827e+02     0.1039    691.510    35.0100    35.0098     5.4077    1482.08    27.6939    27.6938 0.0000e+00
    699.000     4.9724     4.9730   3.375649   3.375671     2.0800     0.0371     0.1863    35.0125 9.4834e+02     0.1027    692.499    35.0123    35.0120     5.4044    1482.13    27.6949    27.6946 0.0000e+00
    700.000     4.9741     4.9752   3.375830   3.375934     2.0801     0.0451     0.1923    35.0124 9.4859e+02     0.1010    693.488    35.0122    35.0122     5.4016    1482.15    27.6947    27.6946 0.0000e+00
    701.000     4.9764     4.9765   3.376197   3.376190     2.0797     0.0513     0.1901    35.0136 9.4821e+02     0.1019    694.477    35.0135    35.0132     5.4033    1482.18    27.6955    27.6952 0.0000e+00
    702.000     4.9824     4.9834   3.376867   3.376949     2.0803     0.0511     0.1857    35.0143 9.4822e+02     0.1038    695.466    35.0144    35.0144     5.4064    1482.22    27.6955    27.6953 0.0000e+00
    703.000     4.9999     5.0000   3.378926   3.378930     2.0803     0.0269     0.1816    35.0188 9.4824e+02     0.1028    696.455    35.0194    35.0193     5.4022    1482.31    27.6975    27.6974 0.0000e+00
    704.000     5.0237     5.0240   3.381545   3.381551     2.0799     0.0310     0.1838    35.0230 9.4827e+02     0.1017    697.444    35.0242    35.0240     5.3905    1482.43    27.6985    27.6983 0.0000e+00
    705.000     5.0340     5.0354   3.382669   3.382821     2.0780     0.0290     0.1825    35.0247 9.4861e+02     0.0966    698.433    35.0260    35.0262     5.3773    1482.49    27.6987    27.6987 0.0000e+00
    706.000     5.0336     5.0344   3.382669   3.382751     2.0767     0.0483     0.1826    35.0247 9.4858e+02     0.0976    699.422    35.0258    35.0259     5.3765    1482.51    27.6987    27.6987 0.0000e+00
    707.000     5.0324     5.0335   3.382632   3.382737     2.0756     0.0573     0.1830    35.0251 9.4847e+02     0.1010    700.411    35.0261    35.0262     5.3777    1482.52    27.6990    27.6990 0.0000e+00
    708.000     5.0341     5.0352   3.382878   3.382979     2.0755     0.0333     0.1815    35.0258 9.4834e+02     0.1036    701.400    35.0267    35.0267     5.3818    1482.54    27.6993    27.6992 0.0000e+00
    709.000     5.0363     5.0372   3.383170   3.383254     2.0753     0.0267     0.1814    35.0264 9.4824e+02     0.0989    702.389    35.0272    35.0272     5.3831    1482.57    27.6995    27.6994 0.0000e+00
    710.000     5.0419     5.0420   3.383852   3.383836     2.0753     0.0129     0.1893    35.0278 9.4483e+02     0.0989    703.378    35.0287    35.0285     5.3828    1482.61    27.7000    27.6999 0.0000e+00
    711.000     5.0450     5.0454   3.384203   3.384239     2.0751     0.0183     0.1763    35.0282 9.4841e+02     0.1024    704.367    35.0291    35.0290     5.3813    1482.64    27.7000    27.6999 0.0000e+00
    712.000     5.0451     5.0460   3.384254   3.384337     2.0748     0.0114     0.1836    35.0283 9.4843e+02     0.0986    705.356    35.0291    35.0291     5.3758    1482.66    27.7000    27.6999 0.0000e+00
    713.000     5.0473     5.0480   3.384532   3.384604     2.0734     0.0210     0.1824    35.0287 9.4849e+02     0.1072    706.345    35.0294    35.0295     5.3689    1482.68    27.7000    27.7000 0.0000e+00
    714.000     5.0483     5.0494   3.384683   3.384793     2.0720     0.0285     0.1838    35.0290 9.4842e+02     0.0944    707.334    35.0296    35.0297     5.3681    1482.70    27.7001    27.7000 0.0000e+00
    715.000     5.0484     5.0495   3.384739   3.384846     2.0719     0.0198     0.1812    35.0291 9.4833e+02     0.0980    708.323    35.0297    35.0297     5.3732    1482.72    27.7001    27.7000 0.0000e+00
    716.000     5.0491     5.0502   3.384840   3.384970     2.0716     0.0331     0.1965    35.0291 9.4846e+02     0.0974    709.312    35.0296    35.0299     5.3735    1482.74    27.7000    27.7001 0.0000e+00
    717.000     5.0496     5.0504   3.384936   3.385023     2.0717     0.0460     0.1827    35.0292 9.4834e+02     0.0953    710.301    35.0297    35.0298     5.3744    1482.76    27.7000    27.7000 0.0000e+00
    718.000     5.0494     5.0504   3.384951   3.385047     2.0715     0.0474     0.1857    35.0291 9.4834e+02     0.0931    711.289    35.0295    35.0296     5.3745    1482.77    27.6999    27.6998 0.0000e+00
    719.000     5.0459     5.0469   3.384607   3.384702     2.0714     0.0473     0.1835    35.0285 9.4847e+02     0.0970    712.278    35.0287    35.0288     5.3723    1482.78    27.6996    27.6996 0.0000e+00
    720.000     5.0324     5.0338   3.383271   3.383407     2.0709     0.0292     0.1827    35.0271 9.4850e+02     0.1049    713.267    35.0269    35.0270     5.3798    1482.73    27.6998    27.6997 0.0000e+00
    721.000     5.0277     5.0290   3.382863   3.382987     2.0714     0.0474     0.1888    35.0269 9.4859e+02     0.1099    714.256    35.0266    35.0267     5.3825    1482.73    27.7001    27.7000 0.0000e+00
    722.000     5.0268     5.0286   3.382834   3.383025     2.0716     0.0339     0.1772    35.0270 9.4858e+02     0.0991    715.245    35.0267    35.0270     5.3832    1482.74    27.7003    27.7003 0.0000e+00
    723.000     5.0296     5.0304   3.383193   3.383251     2.0718     0.0432     0.1835    35.0276 9.4844e+02     0.0960    716.234    35.0274    35.0273     5.3805    1482.77    27.7006    27.7004 0.0000e+00
    724.000     5.0318     5.0327   3.383474   3.383555     2.0707     0.0366     0.1860    35.0279 9.4847e+02     0.1029    717.223    35.0278    35.0279     5.3742    1482.80    27.7006    27.7006 0.0000e+00
    725.000     5.0257     5.0269   3.382900   3.383013     2.0706     0.0250     0.1820    35.0273 9.4427e+02     0.0981    718.212    35.0271    35.0271     5.3801    1482.79    27.7008    27.7007 0.0000e+00
    726.000     5.0209     5.0219   3.382495   3.382583     2.0706     0.0411     0.1790    35.0272 9.4842e+02     0.0980    719.201    35.0269    35.0269     5.3818    1482.79    27.7012    27.7011 0.0000e+00
    727.000     5.0146     5.0167   3.381838   3.382038     2.0706     0.0475     0.1790    35.0260 9.4874e+02     0.0991    720.190    35.0254    35.0255     5.3869    1482.78    27.7008    27.7006 0.0000e+00
    728.000     5.0083     5.0093   3.381296   3.381383     2.0712     0.0420     0.1746    35.0259 9.4858e+02     0.1001    721.179    35.0253    35.0252     5.3922    1482.77    27.7014    27.7012 0.0000e+00
    729.000     5.0072     5.0084   3.381270   3.381387     2.0715     0.0341     0.1781    35.0263 9.4869e+02     0.0993    722.168    35.0256    35.0257     5.3939    1482.78    27.7018    27.7017 0.0000e+00
    730.000     5.0093     5.0104   3.381554   3.381676     2.0722     0.0317     0.1845    35.0266 9.4835e+02     0.1006    723.157    35.0262    35.0264     5.3981    1482.81    27.7020    27.7020 0.0000e+00
    731.000     5.0110     5.0123   3.381793   3.381926     2.0730     0.0288     0.1850    35.0270 9.4851e+02     0.1038    724.145    35.0267    35.0268     5.3974    1482.83    27.7022    27.7021 0.0000e+00
    732.000     5.0101     5.0110   3.381731   3.381817     2.0730     0.0371     0.1835    35.0267 9.4842e+02     0.1026    725.134    35.0264    35.0264     5.3965    1482.84    27.7021    27.7020 0.0000e+00
    733.000     5.0064     5.0075   3.381408   3.381524     2.0731     0.0385     0.1821    35.0264 9.4896e+02     0.0975    726.123    35.0260    35.0261     5.3946    1482.84    27.7022    27.7022 0.0000e+00
    734.000     5.0011     5.0022   3.380923   3.381021     2.0726     0.0328     0.1813    35.0259 9.4862e+02     0.0930    727.112    35.0254    35.0254     5.3956    1482.84    27.7024    27.7022 0.0000e+00
    735.000     4.9966     4.9977   3.380535   3.380641     2.0729     0.0235     0.1814    35.0257 9.4888e+02     0.0963    728.101    35.0252    35.0252     5.4016    1482.83    27.7027    27.7027 0.0000e+00
    736.000     4.9950     4.9963   3.380420   3.380549     2.0730     0.0295     0.1832    35.0255 9.4853e+02     0.1041    729.090    35.0250    35.0251     5.4038    1482.84    27.7028    27.7027 0.0000e+00
    737.000     4.9924     4.9934   3.380177   3.380288     2.0736     0.0328     0.1800    35.0250 9.4853e+02     0.1025    730.079    35.0244    35.0246     5.4059    1482.85    27.7027    27.7026 0.0000e+00
    738.000     4.9848     4.9866   3.379415   3.379589     2.0736     0.0328     0.1790    35.0237 9.4930e+02     0.1049    731.068    35.0230    35.0232     5.4077    1482.83    27.7024    27.7023 0.0000e+00
    739.000     4.9696     4.9708   3.377956   3.378065     2.0741     0.0378     0.1820    35.0226 9.4866e+02     0.0931    732.056    35.0215    35.0216     5.4154    1482.79    27.7030    27.7029 0.0000e+00
    740.000     4.9610     4.9628   3.377080   3.377242     2.0748     0.0181     0.1836    35.0211 9.4853e+02     0.1017    733.045    35.0200    35.0200     5.4191    1482.77    27.7027    27.7025 0.0000e+00
    741.000     4.9546     4.9564   3.376524   3.376684     2.0752     0.0318     0.1784    35.0209 9.4417e+02     0.1022    734.034    35.0197    35.0197     5.4216    1482.76    27.7033    27.7031 0.0000e+00
    742.000     4.9555     4.9571   3.376644   3.376798     2.0757     0.0325     0.1815    35.0206 9.4866e+02     0.1013    735.023    35.0196    35.0197     5.4245    1482.78    27.7031    27.7030 0.0000e+00
    743.000     4.9511     4.9513   3.376189   3.376208     2.0762     0.0283     0.1863    35.0196 9.4856e+02     0.1008    736.012    35.0185    35.0185     5.4298    1482.77    27.7028    27.7027 0.0000e+00
    744.000     4.9481     4.9495   3.375965   3.376096     2.0770     0.0352     0.1854    35.0196 9.4859e+02     0.0901    737.001    35.0186    35.0186     5.4344    1482.78    27.7032    27.7030 0.0000e+00
    745.000     4.9522     4.9542   3.376536   3.376724     2.0780     0.0366     0.1824    35.0210 9.4857e+02     0.0993    737.989    35.0203    35.0204     5.4351    1482.81    27.7041    27.7040 0.0000e+00
    746.000     4.9556     4.9565   3.376958   3.377055     2.0786     0.0165     0.1813    35.0217 9.4866e+02     0.1015    738.978    35.0212    35.0213     5.4346    1482.84    27.7044    27.7044 0.0000e+00
    747.000     4.9559     4.9570   3.377088   3.377183     2.0784     0.0476     0.1814    35.0222 9.4868e+02     0.1013    739.967    35.0218    35.0218     5.4285    1482.86    27.7049    27.7047 0.0000e+00
    748.000     4.9550     4.9560   3.377023   3.377115     2.0779     0.0428     0.1842    35.0219 9.4872e+02     0.0988    740.956    35.0215    35.0215     5.4299    1482.88    27.7047    27.7046 0.0000e+00
    749.000     4.9420     4.9434   3.375679   3.375813     2.0780     0.0284     0.1841    35.0198 9.4870e+02     0.1016    741.945    35.0190    35.0191     5.4337    1482.84    27.7043    27.7042 0.0000e+00
    750.000     4.9263     4.9279   3.374244   3.374398     2.0778     0.0223     0.1809    35.0195 9.4913e+02     0.1033    742.933    35.0184    35.0184     5.4381    1482.79    27.7056    27.7054 0.0000e+00
    751.000     4.9223     4.9235   3.373908   3.374017     2.0786     0.0390     0.1855    35.0192 9.4892e+02     0.1008    743.922    35.0182    35.0182     5.4487    1482.79    27.7059    27.7058 0.0000e+00
    752.000     4.9189     4.9196   3.373591   3.373634     2.0792     0.0348     0.1829    35.0186 9.4885e+02     0.0989    744.911    35.0176    35.0174     5.4497    1482.79    27.7058    27.7056 0.0000e+00
    753.000     4.9108     4.9140   3.372746   3.373086     2.0799     0.0164     0.1818    35.0169 9.4879e+02     0.1037    745.900    35.0158    35.0164     5.4558    1482.77    27.7053    27.7054 0.0000e+00
    754.000     4.9021     4.9033   3.372014   3.372118     2.0805     0.0402     0.1836    35.0172 9.4846e+02     0.1006    746.889    35.0159    35.0159     5.4569    1482.75    27.7064    27.7063 0.0000e+00
    755.000     4.9019     4.9030   3.372042   3.372141     2.0809     0.0437     0.1838    35.0170 9.4866e+02     0.0971    747.877    35.0159    35.0159     5.4616    1482.77    27.7065    27.7063 0.0000e+00
    756.000     4.8979     4.8997   3.371722   3.371910     2.0824     0.0121     0.1863    35.0169 9.4896e+02     0.0952    748.866    35.0159    35.0162     5.4720    1482.77    27.7069    27.7069 0.0000e+00
    757.000     4.9185     4.9193   3.374072   3.374139     2.0838     0.0197     0.1813    35.0213 9.4488e+02     0.0998    749.855    35.0210    35.0209     5.4687    1482.87    27.7086    27.7085 0.0000e+00
    758.000     4.9298     4.9304   3.375256   3.375322     2.0837     0.0148     0.1777    35.0223 9.4940e+02     0.1053    750.844    35.0224    35.0225     5.4576    1482.94    27.7085    27.7084 0.0000e+00
    759.000     4.9190     4.9215   3.374159   3.374439     2.0831     0.0286     0.1813    35.0207 9.4951e+02     0.1028    751.832    35.0205    35.0211     5.4602    1482.91    27.7082    27.7083 0.0000e+00
    760.000     4.9063     4.9086   3.372956   3.373177     2.0830     0.0295     0.1803    35.0199 9.4899e+02     0.0999    752.821    35.0194    35.0195     5.4633    1482.87    27.7087    27.7086 0.0000e+00
    761.000     4.9026     4.9041   3.372569   3.372727     2.0827     0.0280     0.1808    35.0188 9.4936e+02     0.1020    753.810    35.0182    35.0185     5.4601    1482.87    27.7083    27.7083 0.0000e+00
    762.000     4.8843     4.8862   3.370747   3.370921     2.0819     0.0328     0.1876    35.0169 9.4887e+02     0.1072    754.799    35.0158    35.0159     5.4637    1482.81    27.7084    27.7083 0.0000e+00
    763.000     4.8760     4.8771   3.370023   3.370101     2.0823     0.0328     0.1839    35.0168 9.4912e+02     0.1026    755.787    35.0156    35.0154     5.4754    1482.79    27.7092    27.7090 0.0000e+00
    764.000     4.8734     4.8746   3.369805   3.369904     2.0832     0.0258     0.1835    35.0164 9.4912e+02     0.1045    756.776    35.0153    35.0152     5.4816    1482.80    27.7093    27.7091 0.0000e+00
