05_ctd/ctd_files/ar43_002.cnv
* Sea-Bird SBE 9 Data File:
* FileName = D:\Data\AR43_002.hex
* Software Version Seasave V 7.26.7.121
* Temperature SN = 4252
* Conductivity SN = 1860
* Number of Bytes Per Scan = 40
* Number of Voltage Words = 5
* Number of Scans Averaged by the Deck Unit = 1
* NMEA Latitude = 39 38.15 N
* NMEA Longitude = 070 53.13 W
* NMEA UTC (Time) = Mar 12 2020  13:15:08
** Cruise ID: AR43
** Chief Sci:
** Station #:
** Site ID:
# nquan = 19
# nvalues = 2017                        
# units = specified
# name 0 = prDM: Pressure, Digiquartz [db]
# name 1 = t090C: Temperature [ITS-90, deg C]
# name 2 = t190C: Temperature, 2 [ITS-90, deg C]
# name 3 = c0S/m: Conductivity [S/m]
# name 4 = c1S/m: Conductivity, 2 [S/m]
# name 5 = sbeox0V: Oxygen raw, SBE 43 [V]
# name 6 = flECO-AFL: Fluorescence, WET Labs ECO-AFL/FL [mg/m^3]
# name 7 = turbWETntu0: Turbidity, WET Labs ECO [NTU]
# name 8 = sal00: Salinity, Practical [PSU]
# name 9 = spar: SPAR, Biospherical/Licor
# name 10 = v6: Voltage 6
# name 11 = depSM: Depth [salt water, m], lat = 39.6358
# name 12 = sal00: Salinity, Practical [PSU]
# name 13 = sal11: Salinity, Practical, 2 [PSU]
# name 14 = sbeox0ML/L: Oxygen, SBE 43 [ml/l], WS = 2
# name 15 = svCM: Sound Velocity [Chen-Millero, m/s]
# name 16 = sigma-é00: Density [sigma-theta, kg/m^3]
# name 17 = sigma-é11: Density, 2 [sigma-theta, kg/m^3]
# name 18 = flag: flag
# span 0 =      2.000,   1010.000       
# span 1 =     4.3822,    13.9988       
# span 2 =     4.3835,    14.0016       
# span 3 =   3.332398,   4.261509       
# span 4 =   3.332565,   4.261939       
# span 5 =     1.5278,     2.8076       
# span 6 =     0.0023,     1.6137       
# span 7 =     0.1755,     0.2960       
# span 8 =    34.9050,    35.6711       
# span 9 = 4.1597e+02, 1.8392e+03       
# span 10 =     0.0774,     0.1212      
# span 11 =      1.985,    999.863      
# span 12 =    34.9052,    35.6733      
# span 13 =    34.9064,    35.6779      
# span 14 =     2.8939,     6.0541      
# span 15 =    1482.23,    1505.58      
# span 16 =    26.4405,    27.7309      
# span 17 =    26.4409,    27.7314      
# span 18 = 0.0000e+00, 0.0000e+00      
# interval = decibars: 1                
# start_time = Mar 12 2020 13:15:08 [NMEA time, header]
# bad_flag = -9.990e-29
*END*
[from data line 1372]
    646.000     5.3190     5.3228   3.406642   3.407313     2.0488     0.0460     0.1895    35.0320 4.6523e+02     0.1020    640.073    35.0341    35.0379     5.2018    1482.68    27.6710    27.6735 0.0000e+00
    645.000     5.3276     5.3274   3.407595   3.407773     2.0476     0.0326     0.1962    35.0345 4.6484e+02     0.1001    639.084    35.0366    35.0389     5.1979    1482.71    27.6719    27.6738 0.0000e+00
    644.000     5.3341     5.3326   3.408195   3.408376     2.0470     0.0190     0.1983    35.0352 4.6506e+02     0.1001    638.095    35.0372    35.0408     5.1946    1482.72    27.6716    27.6747 0.0000e+00
    643.000     5.3465     5.3460   3.409381   3.409510     2.0463     0.0266     0.1944    35.0362 4.6518e+02     0.1094    637.105    35.0384    35.0404     5.1899    1482.75    27.6711    27.6727 0.0000e+00
    642.000     5.3511     5.3531   3.409802   3.410150     2.0456     0.0404     0.1911    35.0369 4.6621e+02     0.1055    636.116    35.0389    35.0408     5.1847    1482.75    27.6710    27.6722 0.0000e+00
    641.000     5.3625     5.3646   3.410835   3.411211     2.0445     0.0521     0.1920    35.0373 4.6715e+02     0.1016    635.127    35.0394    35.0415     5.1783    1482.78    27.6700    27.6714 0.0000e+00
    640.000     5.3680     5.3696   3.411346   3.411689     2.0435     0.0444     0.1957    35.0380 4.6642e+02     0.1026    634.138    35.0400    35.0423     5.1774    1482.79    27.6698    27.6714 0.0000e+00
    639.000     5.3757     5.3816   3.412005   3.412792     2.0429     0.0282     0.1957    35.0382 4.6427e+02     0.1059    633.148    35.0401    35.0429     5.1737    1482.80    27.6689    27.6705 0.0000e+00
    638.000     5.3961     5.4008   3.413925   3.414675     2.0422     0.0398     0.1900    35.0392 4.6100e+02     0.1074    632.159    35.0413    35.0450     5.1671    1482.87    27.6674    27.6698 0.0000e+00
    637.000     5.4057     5.4105   3.414890   3.415550     2.0411     0.0281     0.1970    35.0407 4.5864e+02     0.0958    631.169    35.0428    35.0454     5.1634    1482.90    27.6674    27.6689 0.0000e+00
    636.000     5.4096     5.4181   3.415426   3.416586     2.0410     0.0401     0.1888    35.0434 4.5865e+02     0.0981    630.180    35.0454    35.0499     5.1620    1482.90    27.6690    27.6715 0.0000e+00
    635.000     5.4512     5.4479   3.419149   3.419468     2.0402     0.0326     0.1911    35.0423 4.6038e+02     0.1034    629.191    35.0452    35.0523     5.1463    1483.05    27.6639    27.6698 0.0000e+00
    634.000     5.4615     5.4594   3.420426   3.420576     2.0391     0.0279     0.1909    35.0467 4.6274e+02     0.1063    628.201    35.0496    35.0534     5.1380    1483.08    27.6660    27.6693 0.0000e+00
    633.000     5.4682     5.4651   3.421101   3.421053     2.0380     0.0294     0.1925    35.0480 4.6398e+02     0.1047    627.212    35.0509    35.0535     5.1315    1483.09    27.6662    27.6687 0.0000e+00
    632.000     5.4714     5.4737   3.421393   3.421880     2.0369     0.0396     0.1985    35.0486 4.6532e+02     0.1038    626.223    35.0513    35.0545     5.1228    1483.09    27.6662    27.6685 0.0000e+00
    631.000     5.4783     5.4824   3.422026   3.422689     2.0347     0.0628     0.1947    35.0493 4.6566e+02     0.1016    625.233    35.0519    35.0552     5.1120    1483.10    27.6658    27.6679 0.0000e+00
    630.000     5.4764     5.4748   3.421908   3.421855     2.0316     0.0465     0.1934    35.0510 4.6061e+02     0.0987    624.244    35.0530    35.0540     5.1105    1483.08    27.6669    27.6679 0.0000e+00
    629.000     5.4759     5.4760   3.421762   3.421893     2.0301     0.0376     0.1845    35.0509 4.5358e+02     0.1015    623.255    35.0524    35.0537     5.1135    1483.06    27.6665    27.6675 0.0000e+00
    628.000     5.4882     5.4883   3.422945   3.423196     2.0300     0.0326     0.1889    35.0519 4.5409e+02     0.1152    622.265    35.0536    35.0564     5.1114    1483.09    27.6659    27.6681 0.0000e+00
    627.000     5.5022     5.5078   3.424261   3.425041     2.0300     0.0397     0.1932    35.0526 4.5706e+02     0.1126    621.276    35.0545    35.0576     5.1093    1483.13    27.6649    27.6667 0.0000e+00
    626.000     5.5139     5.5166   3.425365   3.425813     2.0300     0.0419     0.1916    35.0533 4.5915e+02     0.1074    620.287    35.0555    35.0578     5.1056    1483.17    27.6643    27.6658 0.0000e+00
    625.000     5.5213     5.5295   3.426039   3.427055     2.0297     0.0473     0.1865    35.0539 4.6085e+02     0.1015    619.297    35.0561    35.0591     5.0976    1483.18    27.6638    27.6652 0.0000e+00
    624.000     5.5468     5.5431   3.428540   3.428282     2.0280     0.0331     0.1887    35.0560 4.6186e+02     0.0969    618.308    35.0586    35.0595     5.0827    1483.27    27.6627    27.6638 0.0000e+00
    623.000     5.5403     5.5374   3.427875   3.427777     2.0259     0.0324     0.1912    35.0563 4.5741e+02     0.1024    617.318    35.0582    35.0601     5.0819    1483.23    27.6631    27.6650 0.0000e+00
    622.000     5.5700     5.5765   3.430561   3.431386     2.0251     0.0456     0.1947    35.0560 4.5383e+02     0.1083    616.329    35.0584    35.0611     5.0748    1483.33    27.6597    27.6610 0.0000e+00
    621.000     5.5820     5.6007   3.431853   3.433712     2.0241     0.0364     0.1942    35.0587 4.5353e+02     0.1026    615.340    35.0612    35.0630     5.0638    1483.36    27.6604    27.6595 0.0000e+00
    620.000     5.6160     5.6109   3.434991   3.434829     2.0221     0.0133     0.1900    35.0591 4.5451e+02     0.0963    614.350    35.0622    35.0656     5.0460    1483.49    27.6570    27.6604 0.0000e+00
    619.000     5.6222     5.6214   3.435599   3.435781     2.0205     0.0228     0.1898    35.0602 4.5661e+02     0.0948    613.361    35.0632    35.0661     5.0423    1483.49    27.6570    27.6594 0.0000e+00
    618.000     5.6286     5.6291   3.436162   3.436499     2.0188     0.0351     0.1934    35.0606 4.5839e+02     0.0991    612.371    35.0634    35.0667     5.0350    1483.50    27.6564    27.6590 0.0000e+00
    617.000     5.6341     5.6353   3.436731   3.437033     2.0172     0.0262     0.1982    35.0620 4.5891e+02     0.1048    611.382    35.0647    35.0669     5.0272    1483.51    27.6567    27.6583 0.0000e+00
    616.000     5.6340     5.6383   3.436751   3.437302     2.0155     0.0476     0.1910    35.0632 4.5844e+02     0.0982    610.392    35.0655    35.0673     5.0216    1483.50    27.6574    27.6583 0.0000e+00
    615.000     5.6386     5.6422   3.437145   3.437640     2.0140     0.0346     0.1905    35.0636 4.5518e+02     0.1007    609.403    35.0657    35.0676     5.0240    1483.50    27.6570    27.6580 0.0000e+00
    614.000     5.6425     5.6458   3.437511   3.437934     2.0132     0.0281     0.1886    35.0644 4.5204e+02     0.1018    608.414    35.0664    35.0677     5.0208    1483.50    27.6570    27.6577 0.0000e+00
    613.000     5.6450     5.6472   3.437627   3.437972     2.0123     0.0112     0.1923    35.0639 4.5279e+02     0.0999    607.424    35.0656    35.0672     5.0172    1483.49    27.6561    27.6571 0.0000e+00
    612.000     5.6454     5.6486   3.437635   3.438042     2.0118     0.0227     0.1896    35.0643 4.5415e+02     0.1084    606.435    35.0657    35.0671     5.0186    1483.48    27.6561    27.6568 0.0000e+00
    611.000     5.6516     5.6571   3.438158   3.438852     2.0117     0.0382     0.1900    35.0643 4.5590e+02     0.1088    605.445    35.0658    35.0680     5.0186    1483.48    27.6554    27.6564 0.0000e+00
    610.000     5.6637     5.6648   3.439169   3.439576     2.0116     0.0412     0.1923    35.0637 4.5619e+02     0.1044    604.456    35.0653    35.0687     5.0151    1483.52    27.6535    27.6560 0.0000e+00
    609.000     5.6758     5.6770   3.440356   3.440762     2.0116     0.0313     0.1919    35.0649 4.5619e+02     0.0988    603.466    35.0667    35.0701     5.0088    1483.55    27.6531    27.6556 0.0000e+00
    608.000     5.6882     5.6898   3.441560   3.441883     2.0104     0.0247     0.1865    35.0660 4.5530e+02     0.0942    602.477    35.0680    35.0700     4.9979    1483.58    27.6525    27.6540 0.0000e+00
    607.000     5.6958     5.6974   3.442300   3.442607     2.0093     0.0188     0.1872    35.0671 4.5459e+02     0.1018    601.487    35.0690    35.0709     4.9912    1483.60    27.6524    27.6537 0.0000e+00
    606.000     5.7017     5.7052   3.442859   3.443293     2.0074     0.0310     0.1926    35.0680 4.5409e+02     0.1121    600.498    35.0697    35.0711     4.9841    1483.61    27.6522    27.6529 0.0000e+00
    605.000     5.7045     5.7062   3.443029   3.443338     2.0061     0.0365     0.1874    35.0677 4.5395e+02     0.0976    599.508    35.0693    35.0710     4.9805    1483.60    27.6516    27.6527 0.0000e+00
    604.000     5.7041     5.7075   3.443019   3.443435     2.0053     0.0295     0.1864    35.0688 4.5395e+02     0.1038    598.519    35.0701    35.0713     4.9817    1483.58    27.6522    27.6528 0.0000e+00
    603.000     5.7115     5.7141   3.443647   3.444029     2.0048     0.0287     0.1839    35.0687 4.5385e+02     0.1033    597.529    35.0701    35.0717     4.9797    1483.60    27.6513    27.6522 0.0000e+00
    602.000     5.7195     5.7227   3.444361   3.444819     2.0046     0.0389     0.1852    35.0689 4.5394e+02     0.1032    596.540    35.0704    35.0723     4.9772    1483.61    27.6505    27.6516 0.0000e+00
    601.000     5.7264     5.7260   3.444986   3.445127     2.0041     0.0549     0.1888    35.0693 4.5508e+02     0.1040    595.550    35.0708    35.0728     4.9725    1483.62    27.6500    27.6516 0.0000e+00
    600.000     5.7293     5.7295   3.445223   3.445408     2.0037     0.0264     0.1935    35.0696 4.5607e+02     0.1050    594.561    35.0710    35.0729     4.9683    1483.62    27.6498    27.6512 0.0000e+00
    599.000     5.7311     5.7319   3.445365   3.445588     2.0029     0.0202     0.1936    35.0699 4.5681e+02     0.1050    593.571    35.0713    35.0730     4.9655    1483.61    27.6497    27.6510 0.0000e+00
    598.000     5.7324     5.7336   3.445521   3.445707     2.0023     0.0181     0.1936    35.0709 4.5698e+02     0.1055    592.582    35.0721    35.0731     4.9635    1483.60    27.6502    27.6509 0.0000e+00
    597.000     5.7299     5.7292   3.445226   3.445275     2.0014     0.0377     0.1944    35.0710 4.5384e+02     0.0969    591.592    35.0719    35.0732     4.9629    1483.57    27.6504    27.6515 0.0000e+00
    596.000     5.7336     5.7385   3.445485   3.446082     2.0016     0.0313     0.1914    35.0707 4.5126e+02     0.1046    590.603    35.0715    35.0732     4.9709    1483.57    27.6496    27.6504 0.0000e+00
    595.000     5.7458     5.7505   3.446563   3.447318     2.0025     0.0329     0.1923    35.0705 4.5182e+02     0.1076    589.613    35.0716    35.0754     4.9676    1483.60    27.6481    27.6505 0.0000e+00
    594.000     5.7716     5.7693   3.448817   3.448915     2.0023     0.0388     0.1954    35.0693 4.5379e+02     0.1039    588.624    35.0710    35.0745     4.9550    1483.69    27.6444    27.6475 0.0000e+00
    593.000     5.7823     5.7826   3.449786   3.450038     2.0014     0.0331     0.1937    35.0695 4.5625e+02     0.1030    587.634    35.0714    35.0739     4.9460    1483.72    27.6434    27.6453 0.0000e+00
    592.000     5.7880     5.7929   3.450337   3.450973     2.0003     0.0382     0.1936    35.0703 4.5819e+02     0.1062    586.645    35.0722    35.0743     4.9384    1483.72    27.6433    27.6444 0.0000e+00
    591.000     5.7992     5.7996   3.451382   3.451556     1.9985     0.0445     0.1907    35.0710 4.5899e+02     0.1015    585.655    35.0729    35.0745     4.9261    1483.75    27.6425    27.6437 0.0000e+00
    590.000     5.8007     5.8036   3.451513   3.451904     1.9957     0.0362     0.1982    35.0717 4.5732e+02     0.1042    584.666    35.0734    35.0749     4.9214    1483.74    27.6426    27.6434 0.0000e+00
    589.000     5.8035     5.8074   3.451683   3.452134     1.9946     0.0327     0.1978    35.0715 4.5450e+02     0.1026    583.676    35.0730    35.0740     4.9227    1483.74    27.6420    27.6423 0.0000e+00
    588.000     5.8024     5.8115   3.451512   3.452528     1.9940     0.0328     0.1941    35.0714 4.5393e+02     0.0990    582.687    35.0727    35.0747     4.9204    1483.72    27.6418    27.6423 0.0000e+00
    587.000     5.8136     5.8211   3.452603   3.453433     1.9933     0.0328     0.2013    35.0725 4.5439e+02     0.0929    581.697    35.0739    35.0756     4.9141    1483.75    27.6414    27.6418 0.0000e+00
    586.000     5.8348     5.8352   3.454562   3.454799     1.9923     0.0191     0.1894    35.0727 4.5620e+02     0.0943    580.707    35.0746    35.0769     4.9085    1483.81    27.6393    27.6410 0.0000e+00
    585.000     5.8442     5.8488   3.455367   3.456057     1.9919     0.0375     0.1843    35.0727 4.5721e+02     0.0995    579.718    35.0746    35.0776     4.9058    1483.84    27.6381    27.6399 0.0000e+00
    584.000     5.8538     5.8590   3.456420   3.457071     1.9909     0.0342     0.1938    35.0751 4.5684e+02     0.1038    578.728    35.0770    35.0790     4.8974    1483.86    27.6388    27.6397 0.0000e+00
    583.000     5.8670     5.8718   3.457668   3.458221     1.9888     0.0388     0.1924    35.0760 4.5604e+02     0.1049    577.739    35.0779    35.0793     4.8834    1483.90    27.6378    27.6383 0.0000e+00
    582.000     5.8616     5.8727   3.457162   3.458176     1.9871     0.0361     0.1867    35.0768 4.5599e+02     0.1064    576.749    35.0783    35.0783     4.8829    1483.86    27.6388    27.6374 0.0000e+00
    581.000     5.8706     5.8728   3.457760   3.458148     1.9863     0.0551     0.1912    35.0747 4.5656e+02     0.0999    575.759    35.0763    35.0784     4.8793    1483.88    27.6361    27.6375 0.0000e+00
    580.000     5.8736     5.8741   3.457878   3.457978     1.9855     0.0354     0.1823    35.0735 4.5796e+02     0.0965    574.770    35.0751    35.0756     4.8722    1483.87    27.6347    27.6351 0.0000e+00
    579.000     5.8713     5.8718   3.457357   3.457467     1.9840     0.0285     0.1871    35.0708 4.5843e+02     0.1024    573.780    35.0721    35.0728     4.8660    1483.84    27.6326    27.6331 0.0000e+00
    578.000     5.8699     5.8701   3.457083   3.457165     1.9826     0.0255     0.1910    35.0698 4.5927e+02     0.1051    572.791    35.0709    35.0716     4.8647    1483.82    27.6318    27.6324 0.0000e+00
    577.000     5.8707     5.8718   3.457041   3.457230     1.9817     0.0402     0.1942    35.0691 4.5974e+02     0.1054    571.801    35.0701    35.0711     4.8643    1483.80    27.6311    27.6317 0.0000e+00
    576.000     5.8715     5.8742   3.457052   3.457402     1.9811     0.0381     0.1992    35.0690 4.6004e+02     0.1026    570.811    35.0698    35.0711     4.8644    1483.79    27.6308    27.6314 0.0000e+00
    575.000     5.8722     5.8781   3.457096   3.457687     1.9810     0.0487     0.1996    35.0694 4.5903e+02     0.0892    569.822    35.0702    35.0708     4.8651    1483.78    27.6310    27.6307 0.0000e+00
    574.000     5.8790     5.8841   3.457664   3.458217     1.9805     0.0434     0.1939    35.0692 4.5814e+02     0.1056    568.832    35.0700    35.0710     4.8563    1483.79    27.6300    27.6301 0.0000e+00
    573.000     5.8828     5.8847   3.457936   3.458208     1.9791     0.0326     0.1978    35.0689 4.5741e+02     0.1044    567.843    35.0697    35.0708     4.8510    1483.79    27.6292    27.6298 0.0000e+00
    572.000     5.8824     5.8849   3.457851   3.458248     1.9787     0.0401     0.1911    35.0690 4.5878e+02     0.1084    566.853    35.0697    35.0716     4.8565    1483.77    27.6292    27.6304 0.0000e+00
