05_ctd/ctd_files/ar43_005.cnv
* Sea-Bird SBE 9 Data File:
* FileName = D:\Data\AR43_005.hex
* Software Version Seasave V 7.26.7.121
* Temperature SN = 4252
* Conductivity SN = 1860
* Number of Bytes Per Scan = 40
* Number of Voltage Words = 5
* Number of Scans Averaged by the Deck Unit = 1
* NMEA Latitude = 39 35.60 N
* NMEA Longitude = 070 48.49 W
* NMEA UTC (Time) = Mar 14 2020  02:36:48
** Cruise ID: AR43
** Chief Sci:
** Station #:
** Site ID:
# nquan = 19
# nvalues = 2023                        
# units = specified
# name 0 = prDM: Pressure, Digiquartz [db]
# name 1 = t090C: Temperature [ITS-90, deg C]
# name 2 = t190C: Temperature, 2 [ITS-90, deg C]
# name 3 = c0S/m: Conductivity [S/m]
# name 4 = c1S/m: Conductivity, 2 [S/m]
# name 5 = sbeox0V: Oxygen raw, SBE 43 [V]
# name 6 = flECO-AFL: Fluorescence, WET Labs ECO-AFL/FL [mg/m^3]
# name 7 = turbWETntu0: Turbidity, WET Labs ECO [NTU]
# name 8 = sal00: Salinity, Practical [PSU]
# name 9 = spar: SPAR, Biospherical/Licor
# name 10 = v6: Voltage 6
# name 11 = depSM: Depth [salt water, m], lat = 39.5933
# name 12 = sal00: Salinity, Practical [PSU]
# name 13 = sal11: Salinity, Practical, 2 [PSU]
# name 14 = sbeox0ML/L: Oxygen, SBE 43 [ml/l], WS = 2
# name 15 = svCM: Sound Velocity [Chen-Millero, m/s]
# name 16 = sigma-é00: Density [sigma-theta, kg/m^3]
# name 17 = sigma-é11: Density, 2 [sigma-theta, kg/m^3]
# name 18 = flag: flag
# span 0 =      2.000,   1014.000       
# span 1 =     4.3207,    14.3487       
# span 2 =     4.3202,    14.3393       
# span 3 =   3.327138,   4.309055       
# span 4 =   3.327182,   4.305606       
# span 5 =     1.5767,     2.7292       
# span 6 =     0.0030,     1.2701       
# span 7 =     0.1673,     0.2308       
# span 8 =    34.9703,    35.7674       
# span 9 = 2.7320e+02, 9.6498e+02       
# span 10 =     0.0738,     0.1185      
# span 11 =      1.985,   1003.817      
# span 12 =    34.9702,    35.7652      
# span 13 =    34.3973,    36.7938      
# span 14 =     2.9840,     5.8271      
# span 15 =    1482.18,    1507.79      
# span 16 =    26.4911,    27.7392      
# span 17 =    26.4802,    28.0894      
# span 18 = 0.0000e+00, 0.0000e+00      
# interval = decibars: 1                
# start_time = Mar 14 2020 02:36:48 [NMEA time, header]
# bad_flag = -9.990e-29
*END*
[from data line 610]
    614.000     5.5021     5.6757   3.423896   3.429392     2.0131     0.0400     0.1758    35.0608 9.3024e+02     0.1110    608.416    35.0571    34.9399     5.0730    1482.92    27.6668    27.5528 0.0000e+00
    615.000     5.5027     5.6225   3.424139   3.427732     2.0188     0.0234     0.1764    35.0616 9.3016e+02     0.0940    609.405    35.0587    34.9756     5.0840    1482.94    27.6681    27.5876 0.0000e+00
    616.000     5.4786     5.6108   3.421670   3.428351     2.0210     0.0255     0.1715    35.0582 9.3060e+02     0.1002    610.395    35.0551    34.9941     5.0827    1482.86    27.6682    27.6037 0.0000e+00
    617.000     5.4700     5.6106   3.421064   3.425088     2.0218     0.0255     0.1717    35.0596 9.3023e+02     0.1061    611.384    35.0566    34.9568     5.0891    1482.84    27.6703    27.5742 0.0000e+00
    618.000     5.4664     5.6041   3.420756   3.424054     2.0225     0.0325     0.1739    35.0591 9.3023e+02     0.1097    612.374    35.0563    34.9513     5.0967    1482.84    27.6706    27.5706 0.0000e+00
    619.000     5.4642     5.5964   3.420605   3.423393     2.0242     0.0394     0.1775    35.0589 9.3024e+02     0.1018    613.363    35.0563    34.9513     5.1078    1482.85    27.6709    27.5716 0.0000e+00
    620.000     5.4628     5.5854   3.420519   3.422910     2.0264     0.0289     0.1803    35.0587 9.3016e+02     0.0934    614.353    35.0564    34.9566     5.1119    1482.86    27.6711    27.5771 0.0000e+00
    621.000     5.4587     5.5705   3.420173   3.422526     2.0283     0.0372     0.1761    35.0581 9.2907e+02     0.1003    615.342    35.0562    34.9671     5.1125    1482.86    27.6715    27.5873 0.0000e+00
    622.000     5.4527     5.5611   3.419664   3.421941     2.0290     0.0146     0.1701    35.0579 9.3028e+02     0.1001    616.331    35.0561    34.9697     5.1157    1482.85    27.6721    27.5906 0.0000e+00
    623.000     5.4486     5.5535   3.419333   3.421398     2.0296     0.0107     0.1769    35.0578 9.3050e+02     0.1001    617.321    35.0560    34.9709     5.1156    1482.85    27.6726    27.5924 0.0000e+00
    624.000     5.4447     5.5464   3.418988   3.421000     2.0296     0.0108     0.1814    35.0574 9.3036e+02     0.1020    618.310    35.0557    34.9732     5.1157    1482.86    27.6728    27.5951 0.0000e+00
    625.000     5.4438     5.5395   3.418971   3.420605     2.0298     0.0108     0.1813    35.0575 9.3036e+02     0.1031    619.300    35.0559    34.9754     5.1172    1482.87    27.6731    27.5977 0.0000e+00
    626.000     5.4424     5.5322   3.418877   3.420408     2.0300     0.0327     0.1721    35.0572 9.3026e+02     0.0920    620.289    35.0558    34.9802     5.1198    1482.88    27.6732    27.6024 0.0000e+00
    627.000     5.4394     5.5245   3.418622   3.420151     2.0305     0.0253     0.1798    35.0568 9.3036e+02     0.1001    621.278    35.0555    34.9846     5.1237    1482.88    27.6733    27.6069 0.0000e+00
    628.000     5.4321     5.5111   3.417970   3.419516     2.0309     0.0106     0.1739    35.0564 9.3029e+02     0.0950    622.268    35.0551    34.9908     5.1239    1482.87    27.6739    27.6134 0.0000e+00
    629.000     5.4262     5.5011   3.417435   3.418941     2.0310     0.0278     0.1760    35.0559 9.3027e+02     0.1097    623.257    35.0547    34.9941     5.1277    1482.86    27.6743    27.6173 0.0000e+00
    630.000     5.4188     5.4936   3.416770   3.418337     2.0317     0.0512     0.1722    35.0556 9.3037e+02     0.1099    624.246    35.0543    34.9945     5.1350    1482.85    27.6749    27.6184 0.0000e+00
    631.000     5.4169     5.4840   3.416660   3.417861     2.0326     0.0335     0.1725    35.0557 9.3027e+02     0.0886    625.236    35.0545    34.9985     5.1413    1482.86    27.6753    27.6228 0.0000e+00
    632.000     5.4090     5.4743   3.415904   3.417433     2.0336     0.0163     0.1777    35.0548 9.3036e+02     0.0947    626.225    35.0535    35.0031     5.1444    1482.84    27.6755    27.6277 0.0000e+00
    633.000     5.4036     5.4649   3.415469   3.416682     2.0344     0.0423     0.1806    35.0549 9.2813e+02     0.1001    627.215    35.0536    35.0038     5.1465    1482.84    27.6762    27.6294 0.0000e+00
    634.000     5.3984     5.4592   3.415005   3.416341     2.0347     0.0500     0.1767    35.0545 9.3030e+02     0.1025    628.204    35.0533    35.0054     5.1503    1482.83    27.6766    27.6313 0.0000e+00
    635.000     5.3936     5.4496   3.414581   3.415891     2.0358     0.0402     0.1779    35.0541 9.3026e+02     0.1017    629.193    35.0529    35.0097     5.1593    1482.83    27.6769    27.6359 0.0000e+00
    636.000     5.3879     5.4266   3.414122   3.415195     2.0370     0.0401     0.1820    35.0543 9.3036e+02     0.0953    630.183    35.0530    35.0251     5.1611    1482.82    27.6777    27.6509 0.0000e+00
    637.000     5.3838     5.4126   3.413768   3.414822     2.0377     0.0379     0.1749    35.0539 9.3036e+02     0.0987    631.172    35.0528    35.0349     5.1598    1482.82    27.6779    27.6604 0.0000e+00
    638.000     5.3797     5.4091   3.413400   3.414490     2.0375     0.0328     0.1808    35.0535 9.3013e+02     0.0977    632.161    35.0524    35.0343     5.1621    1482.82    27.6781    27.6603 0.0000e+00
    639.000     5.3747     5.4048   3.412988   3.414080     2.0381     0.0328     0.1761    35.0535 9.3013e+02     0.1118    633.151    35.0523    35.0335     5.1663    1482.82    27.6787    27.6602 0.0000e+00
    640.000     5.3726     5.3982   3.412858   3.413809     2.0385     0.0268     0.1728    35.0536 9.3007e+02     0.1077    634.140    35.0525    35.0368     5.1697    1482.82    27.6791    27.6636 0.0000e+00
    641.000     5.3663     5.3833   3.412259   3.413400     2.0395     0.0281     0.1765    35.0528 9.3010e+02     0.0995    635.129    35.0517    35.0471     5.1767    1482.81    27.6793    27.6735 0.0000e+00
    642.000     5.3596     5.3705   3.411660   3.412656     2.0409     0.0105     0.1751    35.0524 9.3020e+02     0.1001    636.119    35.0513    35.0514     5.1799    1482.80    27.6798    27.6785 0.0000e+00
    643.000     5.3560     5.3683   3.411326   3.412325     2.0408     0.0194     0.1725    35.0518 9.3036e+02     0.1010    637.108    35.0507    35.0493     5.1768    1482.80    27.6797    27.6772 0.0000e+00
    644.000     5.3476     5.3650   3.410522   3.411808     2.0411     0.0328     0.1809    35.0509 9.3049e+02     0.1027    638.097    35.0497    35.0464     5.1800    1482.79    27.6800    27.6752 0.0000e+00
    645.000     5.3360     5.3588   3.409379   3.410964     2.0410     0.0399     0.1720    35.0496 9.3022e+02     0.1061    639.086    35.0482    35.0427     5.1850    1482.75    27.6802    27.6731 0.0000e+00
    646.000     5.3226     5.3481   3.408115   3.409770     2.0417     0.0326     0.1741    35.0489 9.2804e+02     0.1070    640.076    35.0472    35.0397     5.1924    1482.72    27.6810    27.6720 0.0000e+00
    647.000     5.3152     5.3352   3.407475   3.408806     2.0423     0.0285     0.1758    35.0489 9.3014e+02     0.1043    641.065    35.0471    35.0415     5.1997    1482.70    27.6818    27.6750 0.0000e+00
    648.000     5.3117     5.3208   3.407190   3.408178     2.0446     0.0342     0.1751    35.0485 9.3012e+02     0.0978    642.054    35.0470    35.0488     5.2093    1482.70    27.6821    27.6825 0.0000e+00
    649.000     5.3099     5.3170   3.407077   3.407992     2.0459     0.0237     0.1691    35.0483 9.3037e+02     0.1034    643.044    35.0470    35.0502     5.2057    1482.71    27.6824    27.6840 0.0000e+00
    650.000     5.3063     5.3146   3.406754   3.407741     2.0460     0.0366     0.1777    35.0477 9.3003e+02     0.1115    644.033    35.0466    35.0492     5.2044    1482.71    27.6825    27.6836 0.0000e+00
    651.000     5.2954     5.3100   3.405580   3.407263     2.0457     0.0302     0.1791    35.0454 9.3003e+02     0.0966    645.022    35.0440    35.0481     5.2070    1482.68    27.6817    27.6832 0.0000e+00
    652.000     5.2711     5.2945   3.403271   3.405151     2.0458     0.0257     0.1767    35.0443 9.3021e+02     0.0972    646.011    35.0423    35.0395     5.2174    1482.60    27.6833    27.6783 0.0000e+00
    653.000     5.2672     5.2886   3.402963   3.404194     2.0469     0.0255     0.1832    35.0442 9.3036e+02     0.0977    647.001    35.0423    35.0342     5.2238    1482.60    27.6838    27.6748 0.0000e+00
    654.000     5.2640     5.2849   3.402712   3.403919     2.0470     0.0277     0.1830    35.0441 9.2995e+02     0.0934    647.990    35.0423    35.0344     5.2244    1482.60    27.6841    27.6754 0.0000e+00
    655.000     5.2605     5.2791   3.402388   3.403590     2.0480     0.0328     0.1815    35.0434 9.3036e+02     0.0939    648.979    35.0417    35.0361     5.2314    1482.61    27.6841    27.6775 0.0000e+00
    656.000     5.2516     5.2629   3.401544   3.402759     2.0493     0.0376     0.1776    35.0426 9.3019e+02     0.1053    649.969    35.0408    35.0430     5.2402    1482.59    27.6845    27.6849 0.0000e+00
    657.000     5.2468     5.2533   3.401148   3.402173     2.0518     0.0215     0.1743    35.0423 9.2920e+02     0.1038    650.958    35.0408    35.0458     5.2441    1482.58    27.6850    27.6882 0.0000e+00
    658.000     5.2384     5.2464   3.400312   3.401675     2.0524     0.0181     0.1782    35.0409 9.3028e+02     0.0980    651.947    35.0394    35.0467     5.2462    1482.56    27.6850    27.6898 0.0000e+00
    659.000     5.2308     5.2395   3.399638   3.400765     2.0529     0.0182     0.1774    35.0406 9.3026e+02     0.1002    652.936    35.0391    35.0430     5.2508    1482.55    27.6856    27.6876 0.0000e+00
    660.000     5.2271     5.2349   3.399346   3.400366     2.0536     0.0220     0.1701    35.0405 9.3037e+02     0.1084    653.925    35.0391    35.0426     5.2556    1482.55    27.6861    27.6879 0.0000e+00
    661.000     5.2262     5.2331   3.399328   3.400217     2.0542     0.0405     0.1767    35.0406 9.3000e+02     0.1032    654.915    35.0393    35.0423     5.2568    1482.56    27.6863    27.6879 0.0000e+00
    662.000     5.2245     5.2318   3.399236   3.400057     2.0546     0.0201     0.1720    35.0408 9.3036e+02     0.1012    655.904    35.0396    35.0413     5.2552    1482.57    27.6868    27.6873 0.0000e+00
    663.000     5.2244     5.2324   3.399299   3.400029     2.0544     0.0224     0.1725    35.0409 9.3018e+02     0.1097    656.893    35.0398    35.0399     5.2540    1482.59    27.6869    27.6861 0.0000e+00
    664.000     5.2219     5.2315   3.399082   3.399944     2.0545     0.0329     0.1766    35.0405 9.3020e+02     0.1094    657.882    35.0394    35.0394     5.2585    1482.60    27.6870    27.6858 0.0000e+00
    665.000     5.2196     5.2278   3.398919   3.399711     2.0549     0.0288     0.1740    35.0405 9.3050e+02     0.1015    658.872    35.0394    35.0401     5.2663    1482.60    27.6873    27.6868 0.0000e+00
    666.000     5.2149     5.2236   3.398515   3.399634     2.0564     0.0303     0.1768    35.0402 9.3031e+02     0.1000    659.861    35.0393    35.0430     5.2673    1482.60    27.6877    27.6896 0.0000e+00
    667.000     5.2113     5.2232   3.398132   3.399845     2.0560     0.0282     0.1791    35.0389 9.3037e+02     0.1014    660.850    35.0381    35.0453     5.2624    1482.60    27.6872    27.6915 0.0000e+00
    668.000     5.1921     5.2122   3.396341   3.398170     2.0562     0.0329     0.1790    35.0383 9.3036e+02     0.1013    661.839    35.0370    35.0371     5.2722    1482.54    27.6886    27.6863 0.0000e+00
    669.000     5.1868     5.2047   3.395920   3.397149     2.0567     0.0193     0.1720    35.0386 9.3036e+02     0.0945    662.828    35.0372    35.0326     5.2759    1482.53    27.6894    27.6837 0.0000e+00
    670.000     5.1849     5.2014   3.395764   3.396824     2.0569     0.0250     0.1746    35.0381 9.2752e+02     0.0892    663.817    35.0368    35.0318     5.2791    1482.54    27.6894    27.6834 0.0000e+00
    671.000     5.1816     5.1970   3.395474   3.396510     2.0578     0.0399     0.1813    35.0378 9.3005e+02     0.0984    664.807    35.0365    35.0324     5.2879    1482.54    27.6895    27.6844 0.0000e+00
    672.000     5.1764     5.1885   3.395002   3.396075     2.0588     0.0343     0.1794    35.0373 9.3026e+02     0.1015    665.796    35.0360    35.0356     5.2907    1482.54    27.6897    27.6880 0.0000e+00
    673.000     5.1729     5.1810   3.394729   3.395691     2.0600     0.0199     0.1809    35.0371 9.3024e+02     0.1010    666.785    35.0359    35.0386     5.2944    1482.54    27.6901    27.6912 0.0000e+00
    674.000     5.1666     5.1740   3.394145   3.395236     2.0612     0.0405     0.1746    35.0364 9.3042e+02     0.0955    667.774    35.0353    35.0402     5.2976    1482.53    27.6903    27.6933 0.0000e+00
    675.000     5.1566     5.1684   3.393161   3.394568     2.0617     0.0250     0.1722    35.0351 9.3006e+02     0.0979    668.763    35.0339    35.0378     5.3002    1482.51    27.6904    27.6921 0.0000e+00
    676.000     5.1484     5.1634   3.392449   3.393640     2.0623     0.0255     0.1716    35.0351 9.3024e+02     0.1078    669.752    35.0338    35.0319     5.3074    1482.49    27.6913    27.6880 0.0000e+00
    677.000     5.1483     5.1616   3.392476   3.393378     2.0629     0.0303     0.1948    35.0349 9.2983e+02     0.1074    670.742    35.0338    35.0302     5.3079    1482.50    27.6913    27.6869 0.0000e+00
    678.000     5.1463     5.1598   3.392328   3.393287     2.0631     0.0319     0.2031    35.0347 9.3022e+02     0.1074    671.731    35.0335    35.0306     5.3075    1482.51    27.6913    27.6874 0.0000e+00
    679.000     5.1423     5.1565   3.391926   3.393036     2.0634     0.0256     0.1771    35.0338 9.3036e+02     0.1039    672.720    35.0327    35.0306     5.3114    1482.51    27.6911    27.6878 0.0000e+00
    680.000     5.1320     5.1470   3.390968   3.392294     2.0639     0.0074     0.1847    35.0332 9.3036e+02     0.0984    673.709    35.0319    35.0314     5.3175    1482.49    27.6917    27.6896 0.0000e+00
    681.000     5.1295     5.1378   3.390785   3.391703     2.0653     0.0182     0.1799    35.0330 9.3036e+02     0.0975    674.698    35.0319    35.0338     5.3227    1482.49    27.6920    27.6926 0.0000e+00
    682.000     5.1295     5.1383   3.390827   3.391735     2.0661     0.0233     0.1754    35.0328 9.2836e+02     0.1018    675.687    35.0319    35.0331     5.3257    1482.51    27.6920    27.6920 0.0000e+00
    683.000     5.1256     5.1359   3.390484   3.391469     2.0666     0.0366     0.1753    35.0323 9.3016e+02     0.1039    676.676    35.0314    35.0321     5.3244    1482.51    27.6921    27.6914 0.0000e+00
    684.000     5.1175     5.1313   3.389684   3.390954     2.0665     0.0454     0.1799    35.0312 9.3026e+02     0.1076    677.666    35.0302    35.0304     5.3246    1482.49    27.6921    27.6907 0.0000e+00
    685.000     5.1086     5.1257   3.388868   3.390137     2.0667     0.0390     0.1824    35.0308 9.3050e+02     0.1002    678.655    35.0296    35.0264     5.3289    1482.47    27.6927    27.6882 0.0000e+00
    686.000     5.1035     5.1211   3.388490   3.389596     2.0668     0.0255     0.1837    35.0313 9.3049e+02     0.0964    679.644    35.0300    35.0244     5.3309    1482.47    27.6937    27.6872 0.0000e+00
    687.000     5.1029     5.1178   3.388552   3.389367     2.0669     0.0255     0.1763    35.0320 9.3023e+02     0.0904    680.633    35.0308    35.0247     5.3336    1482.48    27.6944    27.6878 0.0000e+00
    688.000     5.1035     5.1156   3.388670   3.389372     2.0674     0.0299     0.1761    35.0321 9.3036e+02     0.0986    681.622    35.0311    35.0266     5.3380    1482.50    27.6946    27.6895 0.0000e+00
