05_ctd/ctd_files/ar43_002.cnv
* Sea-Bird SBE 9 Data File:
* FileName = D:\Data\AR43_002.hex
* Software Version Seasave V 7.26.7.121
* Temperature SN = 4252
* Conductivity SN = 1860
* Number of Bytes Per Scan = 40
* Number of Voltage Words = 5
* Number of Scans Averaged by the Deck Unit = 1
* NMEA Latitude = 39 38.15 N
* NMEA Longitude = 070 53.13 W
* NMEA UTC (Time) = Mar 12 2020  13:15:08
** Cruise ID: AR43
** Chief Sci:
** Station #:
** Site ID:
# nquan = 19
# nvalues = 2017                        
# units = specified
# name 0 = prDM: Pressure, Digiquartz [db]
# name 1 = t090C: Temperature [ITS-90, deg C]
# name 2 = t190C: Temperature, 2 [ITS-90, deg C]
# name 3 = c0S/m: Conductivity [S/m]
# name 4 = c1S/m: Conductivity, 2 [S/m]
# name 5 = sbeox0V: Oxygen raw, SBE 43 [V]
# name 6 = flECO-AFL: Fluorescence, WET Labs ECO-AFL/FL [mg/m^3]
# name 7 = turbWETntu0: Turbidity, WET Labs ECO [NTU]
# name 8 = sal00: Salinity, Practical [PSU]
# name 9 = spar: SPAR, Biospherical/Licor
# name 10 = v6: Voltage 6
# name 11 = depSM: Depth [salt water, m], lat = 39.6358
# name 12 = sal00: Salinity, Practical [PSU]
# name 13 = sal11: Salinity, Practical, 2 [PSU]
# name 14 = sbeox0ML/L: Oxygen, SBE 43 [ml/l], WS = 2
# name 15 = svCM: Sound Velocity [Chen-Millero, m/s]
# name 16 = sigma-é00: Density [sigma-theta, kg/m^3]
# name 17 = sigma-é11: Density, 2 [sigma-theta, kg/m^3]
# name 18 = flag: flag
# span 0 =      2.000,   1010.000       
# span 1 =     4.3822,    13.9988       
# span 2 =     4.3835,    14.0016       
# span 3 =   3.332398,   4.261509       
# span 4 =   3.332565,   4.261939       
# span 5 =     1.5278,     2.8076       
# span 6 =     0.0023,     1.6137       
# span 7 =     0.1755,     0.2960       
# span 8 =    34.9050,    35.6711       
# span 9 = 4.1597e+02, 1.8392e+03       
# span 10 =     0.0774,     0.1212      
# span 11 =      1.985,    999.863      
# span 12 =    34.9052,    35.6733      
# span 13 =    34.9064,    35.6779      
# span 14 =     2.8939,     6.0541      
# span 15 =    1482.23,    1505.58      
# span 16 =    26.4405,    27.7309      
# span 17 =    26.4409,    27.7314      
# span 18 = 0.0000e+00, 0.0000e+00      
# interval = decibars: 1                
# start_time = Mar 12 2020 13:15:08 [NMEA time, header]
# bad_flag = -9.990e-29
*END*
[from data line 534]
    536.000     6.1909     6.1929   3.485964   3.486164     1.9273     0.0287     0.1896    35.0884 6.1195e+02     0.0951    531.223    35.0860    35.0862     4.6403    1484.42    27.6023    27.6022 0.0000e+00
    537.000     6.1878     6.1886   3.485704   3.485772     1.9289     0.0392     0.1927    35.0879 6.0874e+02     0.0965    532.213    35.0857    35.0858     4.6441    1484.42    27.6025    27.6024 0.0000e+00
    538.000     6.1843     6.1841   3.485366   3.485364     1.9302     0.0321     0.1896    35.0871 6.0901e+02     0.1023    533.202    35.0851    35.0853     4.6514    1484.42    27.6025    27.6026 0.0000e+00
    539.000     6.1709     6.1720   3.484024   3.484087     1.9318     0.0253     0.1987    35.0854 6.1073e+02     0.1002    534.192    35.0833    35.0829     4.6569    1484.38    27.6028    27.6024 0.0000e+00
    540.000     6.1514     6.1539   3.482194   3.482406     1.9328     0.0190     0.1870    35.0848 6.1372e+02     0.0985    535.182    35.0824    35.0821     4.6644    1484.32    27.6046    27.6041 0.0000e+00
    541.000     6.1372     6.1382   3.480979   3.481083     1.9349     0.0350     0.1914    35.0853 6.1844e+02     0.0983    536.172    35.0828    35.0830     4.6723    1484.28    27.6068    27.6068 0.0000e+00
    542.000     6.1353     6.1363   3.480857   3.480966     1.9367     0.0232     0.1834    35.0851 6.2476e+02     0.0999    537.162    35.0830    35.0831     4.6785    1484.29    27.6072    27.6071 0.0000e+00
    543.000     6.1312     6.1330   3.480527   3.480710     1.9381     0.0360     0.1887    35.0849 6.2971e+02     0.0970    538.151    35.0830    35.0832     4.6817    1484.29    27.6077    27.6076 0.0000e+00
    544.000     6.1291     6.1301   3.480382   3.480491     1.9386     0.0376     0.1955    35.0847 6.3232e+02     0.0984    539.141    35.0830    35.0831     4.6783    1484.30    27.6080    27.6080 0.0000e+00
    545.000     6.1285     6.1294   3.480400   3.480498     1.9384     0.0100     0.1884    35.0849 6.3511e+02     0.1077    540.131    35.0833    35.0835     4.6763    1484.32    27.6083    27.6084 0.0000e+00
    546.000     6.1147     6.1208   3.479033   3.479614     1.9387     0.0350     0.1886    35.0835 6.4241e+02     0.1008    541.121    35.0817    35.0819     4.6815    1484.28    27.6088    27.6082 0.0000e+00
    547.000     6.0881     6.0899   3.476473   3.476616     1.9389     0.0347     0.1869    35.0822 6.5775e+02     0.1006    542.110    35.0798    35.0796     4.6894    1484.18    27.6108    27.6104 0.0000e+00
    548.000     6.0643     6.0648   3.474122   3.474128     1.9403     0.0386     0.1901    35.0801 6.8474e+02     0.0953    543.100    35.0774    35.0770     4.7075    1484.10    27.6120    27.6116 0.0000e+00
    549.000     6.0379     6.0394   3.471529   3.471663     1.9429     0.0339     0.1888    35.0780 7.1962e+02     0.0943    544.090    35.0749    35.0749     4.7205    1484.01    27.6134    27.6132 0.0000e+00
    550.000     6.0251     6.0274   3.470232   3.470440     1.9451     0.0328     0.1931    35.0761 7.5808e+02     0.1028    545.080    35.0731    35.0730     4.7327    1483.98    27.6136    27.6132 0.0000e+00
    551.000     6.0039     6.0056   3.468159   3.468299     1.9475     0.0447     0.1975    35.0743 7.9652e+02     0.1066    546.069    35.0710    35.0709     4.7412    1483.91    27.6147    27.6144 0.0000e+00
    552.000     5.9935     5.9958   3.467170   3.467379     1.9492     0.0313     0.1895    35.0732 8.3955e+02     0.0939    547.059    35.0701    35.0701     4.7473    1483.88    27.6153    27.6150 0.0000e+00
    553.000     5.9865     5.9879   3.466506   3.466633     1.9516     0.0316     0.1901    35.0723 9.0054e+02     0.0919    548.049    35.0694    35.0694     4.7569    1483.87    27.6156    27.6154 0.0000e+00
    554.000     5.9775     5.9786   3.465664   3.465742     1.9538     0.0467     0.1910    35.0714 9.7384e+02     0.0999    549.039    35.0687    35.0685     4.7634    1483.85    27.6162    27.6159 0.0000e+00
    555.000     5.9622     5.9630   3.464204   3.464279     1.9553     0.0397     0.1912    35.0702 1.0389e+03     0.0992    550.028    35.0675    35.0675     4.7685    1483.80    27.6172    27.6171 0.0000e+00
    556.000     5.9484     5.9507   3.462929   3.463132     1.9565     0.0542     0.1910    35.0697 1.0857e+03     0.1014    551.018    35.0668    35.0668     4.7755    1483.76    27.6185    27.6181 0.0000e+00
    557.000     5.9396     5.9402   3.462194   3.462250     1.9576     0.0349     0.1842    35.0700 1.1247e+03     0.0986    552.008    35.0672    35.0672     4.7805    1483.74    27.6199    27.6198 0.0000e+00
    558.000     5.9375     5.9385   3.462218   3.462291     1.9587     0.0289     0.1846    35.0716 1.1574e+03     0.0971    552.997    35.0691    35.0689     4.7872    1483.75    27.6216    27.6214 0.0000e+00
    559.000     5.9464     5.9468   3.463459   3.463483     1.9610     0.0327     0.1923    35.0753 1.1922e+03     0.0987    553.987    35.0734    35.0733     4.7946    1483.81    27.6239    27.6238 0.0000e+00
    560.000     5.9551     5.9562   3.464539   3.464680     1.9631     0.0436     0.1941    35.0774 1.2514e+03     0.0974    554.977    35.0760    35.0765     4.7954    1483.87    27.6249    27.6252 0.0000e+00
    561.000     5.9586     5.9598   3.465039   3.465179     1.9641     0.0373     0.1942    35.0786 1.3509e+03     0.1049    555.967    35.0776    35.0779     4.7935    1483.90    27.6257    27.6258 0.0000e+00
    562.000     5.9581     5.9590   3.465088   3.465203     1.9641     0.0260     0.1963    35.0791 1.4606e+03     0.1058    556.956    35.0782    35.0786     4.7910    1483.91    27.6263    27.6265 0.0000e+00
    563.000     5.9547     5.9557   3.464874   3.464965     1.9638     0.0477     0.2034    35.0797 1.5523e+03     0.1036    557.946    35.0787    35.0788     4.7918    1483.92    27.6272    27.6270 0.0000e+00
    564.000     5.9511     5.9518   3.464586   3.464646     1.9642     0.0426     0.1967    35.0797 1.6249e+03     0.0918    558.936    35.0787    35.0787     4.7970    1483.92    27.6276    27.6275 0.0000e+00
    565.000     5.9296     5.9303   3.462437   3.462470     1.9645     0.0455     0.1937    35.0777 1.6775e+03     0.0981    559.925    35.0762    35.0758     4.8046    1483.85    27.6284    27.6279 0.0000e+00
    566.000     5.9151     5.9149   3.461057   3.461016     1.9659     0.0419     0.1919    35.0768 1.7070e+03     0.1023    560.915    35.0751    35.0749     4.8181    1483.81    27.6293    27.6292 0.0000e+00
    567.000     5.9047     5.9065   3.460047   3.460230     1.9678     0.0310     0.1859    35.0756 1.6909e+03     0.0963    561.905    35.0739    35.0741     4.8212    1483.78    27.6297    27.6297 0.0000e+00
    568.000     5.8997     5.9012   3.459598   3.459753     1.9688     0.0291     0.1895    35.0751 1.6180e+03     0.0994    562.894    35.0735    35.0737     4.8248    1483.78    27.6300    27.6300 0.0000e+00
    569.000     5.8951     5.8970   3.459148   3.459332     1.9699     0.0501     0.1891    35.0742 1.5465e+03     0.1015    563.884    35.0727    35.0729     4.8292    1483.77    27.6300    27.6299 0.0000e+00
    570.000     5.8886     5.8894   3.458570   3.458649     1.9705     0.0431     0.1867    35.0738 1.4953e+03     0.0967    564.874    35.0723    35.0724     4.8298    1483.76    27.6305    27.6305 0.0000e+00
    571.000     5.8887     5.8899   3.458618   3.458748     1.9707     0.0401     0.1845    35.0737 1.4443e+03     0.0924    565.863    35.0723    35.0725     4.8321    1483.78    27.6306    27.6305 0.0000e+00
    572.000     5.8869     5.8887   3.458477   3.458657     1.9716     0.0300     0.1850    35.0733 1.3543e+03     0.1023    566.853    35.0721    35.0723     4.8376    1483.79    27.6306    27.6305 0.0000e+00
    573.000     5.8852     5.8874   3.458381   3.458595     1.9722     0.0196     0.1870    35.0733 1.2002e+03     0.0985    567.843    35.0722    35.0724     4.8361    1483.80    27.6309    27.6307 0.0000e+00
    574.000     5.8831     5.8850   3.458205   3.458379     1.9720     0.0268     0.1906    35.0730 9.9753e+02     0.1001    568.832    35.0719    35.0720     4.8335    1483.81    27.6310    27.6308 0.0000e+00
    575.000     5.8799     5.8808   3.457957   3.458068     1.9720     0.0362     0.1907    35.0729 8.5146e+02     0.0979    569.822    35.0719    35.0722     4.8356    1483.81    27.6314    27.6315 0.0000e+00
    576.000     5.8797     5.8805   3.458016   3.458106     1.9722     0.0257     0.1888    35.0731 7.9322e+02     0.0947    570.811    35.0723    35.0725     4.8380    1483.83    27.6317    27.6317 0.0000e+00
    577.000     5.8793     5.8803   3.458075   3.458190     1.9723     0.0293     0.1843    35.0736 7.6651e+02     0.1006    571.801    35.0729    35.0731     4.8389    1483.84    27.6322    27.6323 0.0000e+00
    578.000     5.8815     5.8827   3.458463   3.458646     1.9725     0.0153     0.1852    35.0750 7.4218e+02     0.1003    572.791    35.0745    35.0753     4.8385    1483.87    27.6332    27.6337 0.0000e+00
    579.000     5.8808     5.8819   3.458578   3.458681     1.9723     0.0174     0.1880    35.0765 7.0589e+02     0.0969    573.780    35.0760    35.0760     4.8405    1483.88    27.6345    27.6344 0.0000e+00
    580.000     5.8800     5.8809   3.458658   3.458781     1.9730     0.0352     0.1924    35.0777 6.6291e+02     0.1037    574.770    35.0772    35.0777     4.8470    1483.90    27.6356    27.6358 0.0000e+00
    581.000     5.8823     5.8825   3.459033   3.459056     1.9738     0.0256     0.1931    35.0789 6.3033e+02     0.0937    575.759    35.0786    35.0787     4.8495    1483.93    27.6364    27.6365 0.0000e+00
    582.000     5.8825     5.8836   3.459175   3.459281     1.9743     0.0255     0.1886    35.0797 6.1168e+02     0.0997    576.749    35.0794    35.0796     4.8486    1483.95    27.6371    27.6370 0.0000e+00
    583.000     5.8761     5.8774   3.458661   3.458765     1.9745     0.0365     0.1904    35.0802 6.0203e+02     0.0953    577.739    35.0798    35.0796     4.8509    1483.94    27.6381    27.6378 0.0000e+00
    584.000     5.8653     5.8658   3.457675   3.457731     1.9750     0.0402     0.1859    35.0800 5.9575e+02     0.0965    578.728    35.0793    35.0794     4.8572    1483.91    27.6391    27.6391 0.0000e+00
    585.000     5.8589     5.8609   3.457081   3.457249     1.9754     0.0362     0.1844    35.0795 5.9227e+02     0.1057    579.718    35.0787    35.0786     4.8591    1483.90    27.6395    27.6391 0.0000e+00
    586.000     5.8576     5.8584   3.456995   3.457094     1.9757     0.0262     0.1862    35.0794 5.8889e+02     0.1142    580.707    35.0786    35.0789     4.8583    1483.91    27.6396    27.6397 0.0000e+00
    587.000     5.8505     5.8505   3.456281   3.456224     1.9757     0.0318     0.1926    35.0782 5.8543e+02     0.1014    581.697    35.0773    35.0767     4.8608    1483.90    27.6395    27.6390 0.0000e+00
    588.000     5.8289     5.8290   3.454160   3.454174     1.9769     0.0288     0.1922    35.0766 5.8169e+02     0.0998    582.687    35.0752    35.0753     4.8742    1483.82    27.6405    27.6406 0.0000e+00
    589.000     5.8209     5.8200   3.453430   3.453330     1.9784     0.0177     0.1900    35.0760 5.7857e+02     0.0961    583.676    35.0747    35.0745     4.8807    1483.81    27.6411    27.6411 0.0000e+00
    590.000     5.8091     5.8108   3.452345   3.452505     1.9802     0.0239     0.1852    35.0756 5.7735e+02     0.1016    584.666    35.0741    35.0741     4.8894    1483.78    27.6422    27.6420 0.0000e+00
    591.000     5.8047     5.8054   3.452013   3.452072     1.9806     0.0176     0.1919    35.0758 5.7523e+02     0.1039    585.655    35.0744    35.0744     4.8912    1483.78    27.6429    27.6429 0.0000e+00
    592.000     5.7949     5.7963   3.451203   3.451319     1.9816     0.0122     0.1985    35.0765 5.7270e+02     0.0954    586.645    35.0749    35.0747     4.9002    1483.76    27.6446    27.6443 0.0000e+00
    593.000     5.7745     5.7777   3.449390   3.449649     1.9828     0.0564     0.1935    35.0770 5.7118e+02     0.0948    587.634    35.0749    35.0746     4.9104    1483.69    27.6472    27.6465 0.0000e+00
    594.000     5.7626     5.7645   3.448344   3.448530     1.9843     0.0460     0.1875    35.0771 5.6951e+02     0.1011    588.624    35.0749    35.0750     4.9189    1483.66    27.6487    27.6485 0.0000e+00
    595.000     5.7592     5.7607   3.448048   3.448165     1.9863     0.0327     0.1866    35.0766 5.6898e+02     0.0985    589.613    35.0746    35.0744     4.9245    1483.66    27.6488    27.6485 0.0000e+00
    596.000     5.7513     5.7523   3.447307   3.447410     1.9892     0.0359     0.1848    35.0757 5.7009e+02     0.1015    590.603    35.0739    35.0740     4.9316    1483.65    27.6493    27.6493 0.0000e+00
    597.000     5.7475     5.7495   3.447025   3.447241     1.9905     0.0190     0.1890    35.0756 5.6913e+02     0.1018    591.592    35.0741    35.0744     4.9321    1483.65    27.6499    27.6499 0.0000e+00
    598.000     5.7452     5.7473   3.446841   3.447043     1.9915     0.0266     0.1874    35.0753 5.6840e+02     0.1004    592.582    35.0739    35.0740     4.9382    1483.65    27.6501    27.6499 0.0000e+00
    599.000     5.7402     5.7417   3.446405   3.446557     1.9918     0.0400     0.1868    35.0751 5.6655e+02     0.1014    593.571    35.0736    35.0738     4.9376    1483.65    27.6505    27.6504 0.0000e+00
    600.000     5.7389     5.7406   3.446349   3.446521     1.9924     0.0250     0.1939    35.0752 5.6653e+02     0.0936    594.561    35.0739    35.0740     4.9406    1483.66    27.6508    27.6508 0.0000e+00
    601.000     5.7407     5.7415   3.446557   3.446651     1.9927     0.0322     0.1805    35.0749 5.6542e+02     0.0993    595.550    35.0738    35.0741     4.9404    1483.69    27.6506    27.6507 0.0000e+00
    602.000     5.7369     5.7381   3.446239   3.446359     1.9932     0.0328     0.1916    35.0748 5.6371e+02     0.1065    596.540    35.0737    35.0738     4.9430    1483.69    27.6510    27.6509 0.0000e+00
    603.000     5.7370     5.7380   3.446306   3.446414     1.9935     0.0369     0.1877    35.0747 5.6416e+02     0.1009    597.529    35.0738    35.0740     4.9461    1483.70    27.6510    27.6511 0.0000e+00
    604.000     5.7368     5.7380   3.446337   3.446455     1.9942     0.0072     0.1816    35.0746 5.6424e+02     0.0945    598.519    35.0738    35.0740     4.9455    1483.72    27.6511    27.6511 0.0000e+00
    605.000     5.7361     5.7368   3.446313   3.446386     1.9940     0.0248     0.1938    35.0745 5.6362e+02     0.0940    599.508    35.0738    35.0739     4.9446    1483.73    27.6512    27.6512 0.0000e+00
    606.000     5.7349     5.7370   3.446243   3.446458     1.9941     0.0181     0.1985    35.0744 5.6252e+02     0.0965    600.498    35.0737    35.0740     4.9469    1483.74    27.6513    27.6513 0.0000e+00
    607.000     5.7337     5.7352   3.446174   3.446333     1.9941     0.0300     0.1885    35.0743 5.6346e+02     0.0998    601.487    35.0737    35.0740     4.9488    1483.76    27.6514    27.6515 0.0000e+00
    608.000     5.7340     5.7352   3.446245   3.446372     1.9944     0.0239     0.1907    35.0743 5.6497e+02     0.1001    602.477    35.0738    35.0739     4.9484    1483.77    27.6515    27.6514 0.0000e+00
    609.000     5.7345     5.7353   3.446336   3.446427     1.9942     0.0230     0.1857    35.0741 5.6824e+02     0.1014    603.466    35.0737    35.0739     4.9465    1483.79    27.6513    27.6515 0.0000e+00
    610.000     5.7298     5.7305   3.445922   3.445982     1.9938     0.0413     0.1899    35.0739 5.7109e+02     0.0975    604.456    35.0734    35.0733     4.9485    1483.79    27.6517    27.6516 0.0000e+00
