05_ctd/ctd_files/ar43_006.cnv
* Sea-Bird SBE 9 Data File:
* FileName = D:\Data\AR43_006.hex
* Software Version Seasave V 7.26.7.121
* Temperature SN = 4252
* Conductivity SN = 1860
* Number of Bytes Per Scan = 40
* Number of Voltage Words = 5
* Number of Scans Averaged by the Deck Unit = 1
* NMEA Latitude = 39 38.54 N
* NMEA Longitude = 070 51.35 W
* NMEA UTC (Time) = Mar 14 2020  16:10:50
** Cruise ID: AR43
** Chief Sci:
** Station #:
** Site ID:
# nquan = 19
# nvalues = 2021                        
# units = specified
# name 0 = prDM: Pressure, Digiquartz [db]
# name 1 = t090C: Temperature [ITS-90, deg C]
# name 2 = t190C: Temperature, 2 [ITS-90, deg C]
# name 3 = c0S/m: Conductivity [S/m]
# name 4 = c1S/m: Conductivity, 2 [S/m]
# name 5 = sbeox0V: Oxygen raw, SBE 43 [V]
# name 6 = flECO-AFL: Fluorescence, WET Labs ECO-AFL/FL [mg/m^3]
# name 7 = turbWETntu0: Turbidity, WET Labs ECO [NTU]
# name 8 = sal00: Salinity, Practical [PSU]
# name 9 = spar: SPAR, Biospherical/Licor
# name 10 = v6: Voltage 6
# name 11 = depSM: Depth [salt water, m], lat = 39.6423
# name 12 = sal00: Salinity, Practical [PSU]
# name 13 = sal11: Salinity, Practical, 2 [PSU]
# name 14 = sbeox0ML/L: Oxygen, SBE 43 [ml/l], WS = 2
# name 15 = svCM: Sound Velocity [Chen-Millero, m/s]
# name 16 = sigma-é00: Density [sigma-theta, kg/m^3]
# name 17 = sigma-é11: Density, 2 [sigma-theta, kg/m^3]
# name 18 = flag: flag
# span 0 =      4.000,   1014.000       
# span 1 =     4.3051,    14.3143       
# span 2 =     4.3062,    14.3206       
# span 3 =   3.325183,   4.308073       
# span 4 =   3.325289,   4.308777       
# span 5 =     1.5813,     2.7337       
# span 6 =     0.0029,     0.8643       
# span 7 =     0.1738,     0.2958       
# span 8 =    34.9667,    35.7603       
# span 9 = 1.6104e+02, 9.6694e+02       
# span 10 =     0.0477,     0.1171      
# span 11 =      3.969,   1003.813      
# span 12 =    34.9666,    35.7608      
# span 13 =    34.9670,    35.7653      
# span 14 =     3.0101,     5.8437      
# span 15 =    1481.97,    1507.50      
# span 16 =    26.5252,    27.7359      
# span 17 =    26.5248,    27.7360      
# span 18 = 0.0000e+00, 0.0000e+00      
# interval = decibars: 1                
# start_time = Mar 14 2020 16:10:50 [NMEA time, header]
# bad_flag = -9.990e-29
*END*
[from data line 1143]
    881.000     4.5346     4.5357   3.341663   3.341811     2.1126     0.0322     0.1845    34.9842 9.5508e+02     0.0998    872.426    34.9842    34.9848     5.7138    1483.30    27.7237    27.7240 0.0000e+00
    880.000     4.5348     4.5351   3.341640   3.341717     2.1126     0.0328     0.1791    34.9842 9.5508e+02     0.1024    871.438    34.9843    34.9848     5.7122    1483.29    27.7237    27.7240 0.0000e+00
    879.000     4.5358     4.5366   3.341678   3.341811     2.1126     0.0395     0.1786    34.9841 9.5508e+02     0.0997    870.449    34.9841    34.9849     5.7119    1483.28    27.7234    27.7240 0.0000e+00
    878.000     4.5370     4.5379   3.341748   3.341903     2.1127     0.0356     0.1852    34.9841 9.5041e+02     0.1012    869.461    34.9842    34.9851     5.7110    1483.26    27.7233    27.7240 0.0000e+00
    877.000     4.5387     4.5391   3.341882   3.341979     2.1126     0.0327     0.1874    34.9843 9.5549e+02     0.1041    868.473    34.9845    34.9852     5.7096    1483.26    27.7234    27.7239 0.0000e+00
    876.000     4.5394     4.5404   3.341883   3.342040     2.1127     0.0332     0.1815    34.9842 9.5497e+02     0.0973    867.485    34.9843    34.9850     5.7086    1483.24    27.7232    27.7236 0.0000e+00
    875.000     4.5393     4.5411   3.341848   3.342061     2.1126     0.0467     0.1831    34.9844 9.5526e+02     0.0965    866.497    34.9845    34.9851     5.7074    1483.22    27.7233    27.7236 0.0000e+00
    874.000     4.5400     4.5424   3.341867   3.342126     2.1126     0.0374     0.1795    34.9844 9.5515e+02     0.1028    865.508    34.9845    34.9850     5.7109    1483.21    27.7232    27.7233 0.0000e+00
    873.000     4.5412     4.5426   3.341911   3.342091     2.1137     0.0414     0.1791    34.9841 9.5499e+02     0.1019    864.520    34.9842    34.9849     5.7179    1483.20    27.7229    27.7233 0.0000e+00
    872.000     4.5418     4.5437   3.341924   3.342147     2.1145     0.0264     0.1794    34.9841 9.5529e+02     0.1004    863.532    34.9843    34.9849     5.7189    1483.19    27.7228    27.7231 0.0000e+00
    871.000     4.5453     4.5471   3.342202   3.342414     2.1149     0.0223     0.1844    34.9842 9.5508e+02     0.0948    862.544    34.9844    34.9850     5.7146    1483.18    27.7225    27.7228 0.0000e+00
    870.000     4.5487     4.5496   3.342478   3.342638     2.1151     0.0332     0.1863    34.9842 9.5496e+02     0.0926    861.555    34.9845    34.9855     5.7109    1483.18    27.7223    27.7229 0.0000e+00
    869.000     4.5500     4.5520   3.342583   3.342830     2.1149     0.0328     0.1815    34.9846 9.5517e+02     0.1091    860.567    34.9849    34.9856     5.7088    1483.17    27.7224    27.7227 0.0000e+00
    868.000     4.5512     4.5535   3.342668   3.342947     2.1148     0.0263     0.1873    34.9848 9.5509e+02     0.1099    859.579    34.9851    34.9859     5.7088    1483.16    27.7224    27.7228 0.0000e+00
    867.000     4.5525     4.5539   3.342764   3.342937     2.1148     0.0214     0.1796    34.9850 9.5516e+02     0.1063    858.591    34.9853    34.9859     5.7038    1483.15    27.7224    27.7227 0.0000e+00
    866.000     4.5519     4.5533   3.342639   3.342836     2.1141     0.0209     0.1807    34.9849 9.5518e+02     0.0920    857.602    34.9851    34.9858     5.7023    1483.13    27.7223    27.7227 0.0000e+00
    865.000     4.5533     4.5551   3.342722   3.342978     2.1142     0.0407     0.1889    34.9849 9.5522e+02     0.0915    856.614    34.9851    34.9861     5.7089    1483.12    27.7222    27.7228 0.0000e+00
    864.000     4.5600     4.5620   3.343307   3.343672     2.1148     0.0248     0.1832    34.9850 9.5521e+02     0.1011    855.626    34.9854    34.9875     5.7060    1483.13    27.7216    27.7231 0.0000e+00
    863.000     4.5692     4.5737   3.344191   3.344723     2.1145     0.0144     0.1833    34.9858 9.5520e+02     0.1104    854.638    34.9865    34.9880     5.6961    1483.15    27.7215    27.7222 0.0000e+00
    862.000     4.5736     4.5779   3.344627   3.345100     2.1139     0.0309     0.1820    34.9868 9.5232e+02     0.1052    853.649    34.9875    34.9884     5.6926    1483.15    27.7218    27.7221 0.0000e+00
    861.000     4.5755     4.5766   3.344742   3.344912     2.1132     0.0406     0.1813    34.9866 9.5541e+02     0.1043    852.661    34.9873    34.9881     5.6902    1483.15    27.7214    27.7219 0.0000e+00
    860.000     4.5765     4.5773   3.344796   3.344927     2.1130     0.0260     0.1811    34.9868 9.5508e+02     0.1000    851.673    34.9874    34.9880     5.6903    1483.13    27.7214    27.7218 0.0000e+00
    859.000     4.5762     4.5783   3.344726   3.344974     2.1127     0.0254     0.1861    34.9869 9.5520e+02     0.0897    850.685    34.9874    34.9881     5.6884    1483.12    27.7214    27.7217 0.0000e+00
    858.000     4.5781     4.5799   3.344861   3.345081     2.1125     0.0399     0.1908    34.9870 9.5533e+02     0.1017    849.696    34.9875    34.9882     5.6871    1483.11    27.7212    27.7216 0.0000e+00
    857.000     4.5787     4.5800   3.344872   3.345059     2.1125     0.0177     0.1887    34.9871 9.5523e+02     0.1028    848.708    34.9875    34.9883     5.6879    1483.09    27.7212    27.7217 0.0000e+00
    856.000     4.5783     4.5797   3.344784   3.344970     2.1122     0.0177     0.1820    34.9871 9.5508e+02     0.1113    847.720    34.9874    34.9881     5.6853    1483.07    27.7211    27.7215 0.0000e+00
    855.000     4.5791     4.5800   3.344810   3.344974     2.1124     0.0259     0.1856    34.9871 9.5508e+02     0.0917    846.731    34.9874    34.9883     5.6886    1483.06    27.7210    27.7217 0.0000e+00
    854.000     4.5799     4.5807   3.344855   3.344985     2.1124     0.0328     0.1815    34.9872 9.5492e+02     0.0938    845.743    34.9876    34.9882     5.6875    1483.05    27.7211    27.7215 0.0000e+00
    853.000     4.5809     4.5818   3.344907   3.345051     2.1127     0.0438     0.1814    34.9873 9.5521e+02     0.0976    844.755    34.9876    34.9883     5.6864    1483.04    27.7210    27.7215 0.0000e+00
    852.000     4.5822     4.5835   3.345004   3.345207     2.1127     0.0489     0.1814    34.9876 9.5532e+02     0.0969    843.766    34.9880    34.9889     5.6841    1483.03    27.7211    27.7217 0.0000e+00
    851.000     4.5828     4.5828   3.345036   3.345089     2.1124     0.0376     0.1801    34.9878 9.5514e+02     0.0995    842.778    34.9881    34.9888     5.6804    1483.01    27.7212    27.7217 0.0000e+00
    850.000     4.5826     4.5832   3.344952   3.345080     2.1122     0.0108     0.1836    34.9877 9.5515e+02     0.1046    841.790    34.9879    34.9888     5.6822    1482.99    27.7211    27.7217 0.0000e+00
    849.000     4.5830     4.5844   3.344946   3.345140     2.1126     0.0357     0.1816    34.9877 9.5519e+02     0.0978    840.802    34.9879    34.9887     5.6872    1482.98    27.7209    27.7214 0.0000e+00
    848.000     4.5872     4.5865   3.345307   3.345364     2.1131     0.0403     0.1765    34.9879 9.5522e+02     0.0914    839.813    34.9883    34.9897     5.6878    1482.98    27.7208    27.7220 0.0000e+00
    847.000     4.5902     4.5914   3.345580   3.345758     2.1134     0.0461     0.1804    34.9884 9.5508e+02     0.0979    838.825    34.9887    34.9896     5.6833    1482.98    27.7208    27.7214 0.0000e+00
    846.000     4.5909     4.5919   3.345617   3.345772     2.1134     0.0449     0.1804    34.9886 9.5521e+02     0.1015    837.836    34.9890    34.9897     5.6773    1482.96    27.7209    27.7214 0.0000e+00
    845.000     4.5934     4.5922   3.345814   3.345772     2.1128     0.0364     0.1799    34.9888 9.5162e+02     0.1072    836.848    34.9892    34.9899     5.6739    1482.96    27.7208    27.7215 0.0000e+00
    844.000     4.5927     4.5921   3.345739   3.345707     2.1124     0.0201     0.1822    34.9892 9.5538e+02     0.1074    835.860    34.9895    34.9898     5.6740    1482.94    27.7211    27.7214 0.0000e+00
    843.000     4.5929     4.5918   3.345710   3.345641     2.1125     0.0335     0.1790    34.9892 9.5508e+02     0.0998    834.871    34.9894    34.9899     5.6759    1482.92    27.7210    27.7215 0.0000e+00
    842.000     4.5920     4.5917   3.345562   3.345560     2.1126     0.0277     0.1831    34.9891 9.5525e+02     0.1066    833.883    34.9893    34.9895     5.6767    1482.90    27.7210    27.7212 0.0000e+00
    841.000     4.5927     4.5923   3.345568   3.345585     2.1127     0.0328     0.1813    34.9889 9.5518e+02     0.1035    832.895    34.9891    34.9896     5.6747    1482.89    27.7208    27.7212 0.0000e+00
    840.000     4.5968     4.6010   3.345941   3.346428     2.1127     0.0194     0.1790    34.9893 9.5519e+02     0.1171    831.906    34.9896    34.9908     5.6759    1482.89    27.7207    27.7212 0.0000e+00
    839.000     4.6166     4.6216   3.347698   3.348489     2.1132     0.0424     0.1790    34.9889 9.5518e+02     0.1056    830.918    34.9898    34.9938     5.6762    1482.95    27.7186    27.7212 0.0000e+00
    838.000     4.6250     4.6334   3.348654   3.349646     2.1137     0.0215     0.1841    34.9916 9.5520e+02     0.1015    829.930    34.9926    34.9953     5.6725    1482.98    27.7199    27.7211 0.0000e+00
    837.000     4.6446     4.6423   3.350503   3.350480     2.1134     0.0400     0.1820    34.9926 9.5549e+02     0.0985    828.941    34.9940    34.9962     5.6595    1483.04    27.7189    27.7209 0.0000e+00
    836.000     4.6456     4.6474   3.350646   3.350994     2.1126     0.0464     0.1831    34.9939 9.5498e+02     0.0965    827.953    34.9952    34.9973     5.6554    1483.03    27.7197    27.7212 0.0000e+00
    835.000     4.6547     4.6608   3.351561   3.352288     2.1119     0.0339     0.1875    34.9954 9.5508e+02     0.0976    826.964    34.9968    34.9988     5.6476    1483.05    27.7199    27.7209 0.0000e+00
    834.000     4.6633     4.6682   3.352469   3.352981     2.1103     0.0375     0.1827    34.9974 9.5508e+02     0.1105    825.976    34.9989    34.9996     5.6396    1483.07    27.7206    27.7207 0.0000e+00
    833.000     4.6681     4.6687   3.352829   3.352987     2.1094     0.0489     0.1827    34.9971 9.5517e+02     0.0988    824.988    34.9985    34.9997     5.6393    1483.08    27.7198    27.7206 0.0000e+00
    832.000     4.6704     4.6720   3.353051   3.353333     2.1089     0.0558     0.1827    34.9978 9.5540e+02     0.0992    823.999    34.9991    35.0007     5.6381    1483.07    27.7200    27.7211 0.0000e+00
    831.000     4.6745     4.6780   3.353415   3.353849     2.1084     0.0377     0.1810    34.9983 9.5518e+02     0.1027    823.011    34.9996    35.0009     5.6350    1483.07    27.7199    27.7206 0.0000e+00
    830.000     4.6843     4.6865   3.354278   3.354583     2.1078     0.0363     0.1824    34.9985 9.5189e+02     0.0988    822.022    34.9998    35.0011     5.6305    1483.10    27.7190    27.7197 0.0000e+00
    829.000     4.6917     4.6945   3.354982   3.355361     2.1073     0.0282     0.1851    34.9994 9.5508e+02     0.1104    821.034    35.0007    35.0022     5.6251    1483.11    27.7189    27.7198 0.0000e+00
    828.000     4.6955     4.6954   3.355305   3.355440     2.1062     0.0368     0.1850    34.9997 9.5527e+02     0.1126    820.045    35.0010    35.0028     5.6156    1483.11    27.7187    27.7201 0.0000e+00
    827.000     4.6936     4.6940   3.355168   3.355250     2.1055     0.0467     0.1839    35.0009 9.5532e+02     0.1075    819.057    35.0020    35.0024     5.6143    1483.09    27.7197    27.7200 0.0000e+00
    826.000     4.6938     4.6950   3.355133   3.355309     2.1043     0.0310     0.1881    35.0008 9.5520e+02     0.1027    818.069    35.0018    35.0027     5.6120    1483.07    27.7195    27.7200 0.0000e+00
    825.000     4.6945     4.6971   3.355171   3.355479     2.1043     0.0149     0.1837    35.0012 9.5508e+02     0.0952    817.080    35.0021    35.0029     5.6163    1483.06    27.7196    27.7200 0.0000e+00
    824.000     4.6973     4.6995   3.355403   3.355680     2.1041     0.0460     0.1865    35.0015 9.5514e+02     0.0953    816.092    35.0023    35.0032     5.6158    1483.05    27.7195    27.7199 0.0000e+00
    823.000     4.7031     4.7054   3.355880   3.356181     2.1042     0.0337     0.1880    35.0014 9.5528e+02     0.1109    815.103    35.0023    35.0034     5.6152    1483.06    27.7188    27.7194 0.0000e+00
    822.000     4.7059     4.7066   3.356151   3.356406     2.1044     0.0218     0.1840    35.0021 9.5519e+02     0.0991    814.115    35.0030    35.0052     5.6147    1483.06    27.7190    27.7207 0.0000e+00
    821.000     4.7230     4.7263   3.357783   3.358425     2.1042     0.0264     0.1811    35.0033 9.5508e+02     0.0983    813.126    35.0046    35.0085     5.6092    1483.11    27.7183    27.7211 0.0000e+00
    820.000     4.7343     4.7398   3.358891   3.359676     2.1043     0.0405     0.1813    35.0046 9.5508e+02     0.0977    812.138    35.0061    35.0094     5.6034    1483.14    27.7183    27.7203 0.0000e+00
    819.000     4.7411     4.7481   3.359581   3.360506     2.1035     0.0250     0.1896    35.0059 9.5520e+02     0.1013    811.149    35.0075    35.0108     5.5948    1483.16    27.7186    27.7205 0.0000e+00
    818.000     4.7525     4.7514   3.360738   3.360722     2.1025     0.0185     0.1838    35.0078 9.5515e+02     0.1079    810.161    35.0095    35.0104     5.5888    1483.19    27.7189    27.7198 0.0000e+00
    817.000     4.7472     4.7426   3.360261   3.359898     2.1016     0.0417     0.1865    35.0088 9.5538e+02     0.1023    809.172    35.0100    35.0106     5.5930    1483.15    27.7199    27.7209 0.0000e+00
    816.000     4.7584     4.7658   3.361318   3.362048     2.1016     0.0417     0.1887    35.0097 9.5531e+02     0.1011    808.184    35.0110    35.0117     5.5915    1483.18    27.7195    27.7191 0.0000e+00
    815.000     4.7622     4.7729   3.361680   3.363021     2.1015     0.0335     0.1871    35.0106 9.5532e+02     0.0964    807.195    35.0118    35.0161     5.5837    1483.18    27.7196    27.7219 0.0000e+00
    814.000     4.7966     4.7915   3.365084   3.364893     2.1006     0.0320     0.1855    35.0135 9.5020e+02     0.0928    806.207    35.0156    35.0188     5.5693    1483.31    27.7188    27.7219 0.0000e+00
    813.000     4.8028     4.8057   3.365761   3.366221     2.0996     0.0472     0.1839    35.0154 9.5515e+02     0.1018    805.218    35.0175    35.0198     5.5638    1483.32    27.7196    27.7211 0.0000e+00
    812.000     4.8072     4.8094   3.366196   3.366516     2.0987     0.0364     0.1873    35.0164 9.5508e+02     0.1059    804.230    35.0184    35.0199     5.5567    1483.33    27.7198    27.7207 0.0000e+00
    811.000     4.8109     4.8131   3.366484   3.366843     2.0971     0.0242     0.1851    35.0165 9.5534e+02     0.1003    803.241    35.0185    35.0203     5.5513    1483.32    27.7194    27.7206 0.0000e+00
    810.000     4.8118     4.8118   3.366626   3.366696     2.0957     0.0344     0.1855    35.0180 9.5522e+02     0.1078    802.253    35.0197    35.0205     5.5499    1483.31    27.7202    27.7209 0.0000e+00
    809.000     4.8154     4.8151   3.366861   3.366912     2.0944     0.0260     0.1791    35.0176 9.5517e+02     0.1023    801.264    35.0191    35.0200     5.5459    1483.31    27.7194    27.7201 0.0000e+00
    808.000     4.8126     4.8159   3.366528   3.366948     2.0939     0.0281     0.1806    35.0175 9.5526e+02     0.1030    800.276    35.0186    35.0201     5.5466    1483.28    27.7193    27.7201 0.0000e+00
    807.000     4.8178     4.8200   3.367004   3.367320     2.0933     0.0406     0.1889    35.0181 9.5508e+02     0.1089    799.287    35.0193    35.0206     5.5433    1483.29    27.7192    27.7201 0.0000e+00
    806.000     4.8205     4.8219   3.367145   3.367394     2.0932     0.0116     0.1791    35.0175 9.5508e+02     0.1000    798.299    35.0186    35.0200     5.5437    1483.28    27.7184    27.7194 0.0000e+00
