05_ctd/ctd_files/ar43_007.cnv
* Sea-Bird SBE 9 Data File:
* FileName = D:\Data\AR43_007.hex
* Software Version Seasave V 7.26.7.121
* Temperature SN = 4252
* Conductivity SN = 1860
* Number of Bytes Per Scan = 40
* Number of Voltage Words = 5
* Number of Scans Averaged by the Deck Unit = 1
* NMEA Latitude = 39 40.83 N
* NMEA Longitude = 070 57.71 W
* NMEA UTC (Time) = Mar 15 2020  01:18:13
** Cruise ID: AR43
** Chief Sci:
** Station #:
** Site ID:
# nquan = 19
# nvalues = 2021                        
# units = specified
# name 0 = prDM: Pressure, Digiquartz [db]
# name 1 = t090C: Temperature [ITS-90, deg C]
# name 2 = t190C: Temperature, 2 [ITS-90, deg C]
# name 3 = c0S/m: Conductivity [S/m]
# name 4 = c1S/m: Conductivity, 2 [S/m]
# name 5 = sbeox0V: Oxygen raw, SBE 43 [V]
# name 6 = flECO-AFL: Fluorescence, WET Labs ECO-AFL/FL [mg/m^3]
# name 7 = turbWETntu0: Turbidity, WET Labs ECO [NTU]
# name 8 = sal00: Salinity, Practical [PSU]
# name 9 = spar: SPAR, Biospherical/Licor
# name 10 = v6: Voltage 6
# name 11 = depSM: Depth [salt water, m], lat = 39.6805
# name 12 = sal00: Salinity, Practical [PSU]
# name 13 = sal11: Salinity, Practical, 2 [PSU]
# name 14 = sbeox0ML/L: Oxygen, SBE 43 [ml/l], WS = 2
# name 15 = svCM: Sound Velocity [Chen-Millero, m/s]
# name 16 = sigma-é00: Density [sigma-theta, kg/m^3]
# name 17 = sigma-é11: Density, 2 [sigma-theta, kg/m^3]
# name 18 = flag: flag
# span 0 =      3.000,   1013.000       
# span 1 =     4.3739,    14.0304       
# span 2 =     4.3746,    14.0305       
# span 3 =   3.332178,   4.276624       
# span 4 =   3.332289,   4.276827       
# span 5 =     1.5219,     2.7731       
# span 6 =    -0.0038,     1.3802       
# span 7 =     0.1733,     0.5585       
# span 8 =    34.9747,    35.7074       
# span 9 = 1.5566e+01, 9.5733e+02       
# span 10 =     0.0706,     0.1176      
# span 11 =      2.977,   1002.822      
# span 12 =    34.9748,    35.7092      
# span 13 =    34.9749,    35.7150      
# span 14 =     2.9026,     5.8442      
# span 15 =    1482.02,    1506.58      
# span 16 =    26.5572,    27.7355      
# span 17 =    26.5543,    27.7359      
# span 18 = 0.0000e+00, 0.0000e+00      
# interval = decibars: 1                
# start_time = Mar 15 2020 01:18:13 [NMEA time, header]
# bad_flag = -9.990e-29
*END*
      3.000    13.3006    13.3011   4.156956   4.157199     2.7642     1.3516     0.2298    35.2959 9.5415e+02     0.0814      2.977    35.2959    35.2978     5.8211    1501.59    26.5613    26.5626 0.0000e+00
      4.000    13.3019    13.3021   4.157086   4.157250     2.7731     1.2664     0.2413    35.2956 9.5340e+02     0.0848      3.969    35.2956    35.2969     5.8442    1501.61    26.5608    26.5618 0.0000e+00
      5.000    13.3036    13.3038   4.157336   4.157505     2.7711     1.3302     0.2471    35.2959 9.5433e+02     0.0805      4.962    35.2959    35.2974     5.8392    1501.63    26.5607    26.5618 0.0000e+00
      6.000    13.3071    13.3067   4.157695   4.157843     2.7726     1.2255     0.2348    35.2956 9.5368e+02     0.0823      5.954    35.2957    35.2974     5.8436    1501.66    26.5599    26.5612 0.0000e+00
      7.000    13.3072    13.3078   4.157775   4.157998     2.7701     1.2782     0.2457    35.2958 9.5456e+02     0.0811      6.946    35.2959    35.2975     5.8291    1501.68    26.5600    26.5611 0.0000e+00
      8.000    13.3087    13.3097   4.157928   4.158191     2.7688     1.2792     0.2386    35.2955 9.5453e+02     0.0854      7.939    35.2956    35.2970     5.8366    1501.70    26.5595    26.5604 0.0000e+00
      9.000    13.3096    13.3100   4.158050   4.158255     2.7708     1.2228     0.2364    35.2954 9.5443e+02     0.0854      8.931    35.2954    35.2969     5.8398    1501.72    26.5593    26.5603 0.0000e+00
     10.000    13.3100    13.3106   4.158128   4.158354     2.7687     1.1889     0.2324    35.2953 9.5436e+02     0.0825      9.923    35.2954    35.2969     5.8327    1501.73    26.5592    26.5602 0.0000e+00
     11.000    13.3101    13.3108   4.158170   4.158406     2.7690     1.1125     0.2293    35.2951 9.5454e+02     0.0870     10.916    35.2952    35.2968     5.8403    1501.75    26.5590    26.5601 0.0000e+00
     12.000    13.3093    13.3104   4.158107   4.158385     2.7689     1.1977     0.2394    35.2949 9.5468e+02     0.0817     11.908    35.2949    35.2966     5.8340    1501.76    26.5590    26.5601 0.0000e+00
     13.000    13.3100    13.3108   4.158241   4.158485     2.7677     1.1684     0.2387    35.2951 9.5444e+02     0.0905     12.900    35.2951    35.2967     5.8360    1501.78    26.5590    26.5601 0.0000e+00
     14.000    13.3105    13.3113   4.158348   4.158583     2.7676     1.1762     0.2365    35.2952 9.5409e+02     0.0828     13.893    35.2952    35.2968     5.8352    1501.80    26.5590    26.5601 0.0000e+00
     15.000    13.3105    13.3111   4.158392   4.158621     2.7666     1.2637     0.2353    35.2952 9.5445e+02     0.0860     14.885    35.2952    35.2968     5.8339    1501.82    26.5590    26.5602 0.0000e+00
     16.000    13.3108    13.3114   4.158464   4.158687     2.7660     1.2532     0.2394    35.2952 9.5450e+02     0.0842     15.877    35.2952    35.2968     5.8295    1501.84    26.5591    26.5601 0.0000e+00
     17.000    13.3110    13.3117   4.158528   4.158767     2.7638     1.2069     0.2391    35.2952 9.5436e+02     0.0818     16.870    35.2952    35.2968     5.8262    1501.85    26.5590    26.5601 0.0000e+00
     18.000    13.3105    13.3116   4.158542   4.158795     2.7653     1.2446     0.2287    35.2953 9.5460e+02     0.0886     17.862    35.2953    35.2967     5.8366    1501.87    26.5592    26.5601 0.0000e+00
     19.000    13.3096    13.3103   4.158513   4.158744     2.7651     1.1781     0.2411    35.2956 9.5464e+02     0.0834     18.854    35.2955    35.2971     5.8349    1501.88    26.5596    26.5606 0.0000e+00
     20.000    13.3089    13.3093   4.158511   4.158685     2.7657     1.1938     0.2455    35.2958 9.5470e+02     0.0833     19.846    35.2957    35.2970     5.8368    1501.90    26.5599    26.5608 0.0000e+00
     21.000    13.3091    13.3095   4.158580   4.158753     2.7655     1.0506     0.2309    35.2957 9.5455e+02     0.0887     20.839    35.2957    35.2970     5.8340    1501.91    26.5599    26.5608 0.0000e+00
     22.000    13.3081    13.3082   4.158428   4.158539     2.7636     1.1424     0.2287    35.2948 9.5477e+02     0.0866     21.831    35.2948    35.2957     5.8324    1501.93    26.5594    26.5601 0.0000e+00
     23.000    13.3091    13.3099   4.158607   4.158850     2.7649     1.2730     0.2389    35.2951 9.5185e+02     0.0791     22.823    35.2951    35.2967     5.8394    1501.95    26.5595    26.5606 0.0000e+00
     24.000    13.3111    13.3118   4.158882   4.159118     2.7651     1.1293     0.2352    35.2954 9.5463e+02     0.0842     23.815    35.2955    35.2971     5.8334    1501.97    26.5594    26.5605 0.0000e+00
     25.000    13.3118    13.3131   4.158980   4.159312     2.7626     1.2206     0.2443    35.2953 9.5488e+02     0.0858     24.808    35.2953    35.2973     5.8291    1501.99    26.5592    26.5604 0.0000e+00
     26.000    13.3116    13.3119   4.158990   4.159162     2.7632     1.2492     0.2424    35.2951 9.5478e+02     0.0871     25.800    35.2952    35.2965     5.8379    1502.00    26.5591    26.5601 0.0000e+00
     27.000    13.3114    13.3112   4.158981   4.159106     2.7638     1.2004     0.2362    35.2949 9.5496e+02     0.0892     26.792    35.2949    35.2962     5.8348    1502.02    26.5590    26.5601 0.0000e+00
     28.000    13.3109    13.3111   4.158947   4.159123     2.7635     1.1847     0.2376    35.2945 9.5467e+02     0.0840     27.784    35.2945    35.2960     5.8360    1502.03    26.5588    26.5599 0.0000e+00
     29.000    13.3120    13.3119   4.159193   4.159282     2.7639     1.1915     0.2348    35.2954 9.5479e+02     0.0910     28.777    35.2954    35.2964     5.8369    1502.06    26.5593    26.5600 0.0000e+00
     30.000    13.3143    13.3139   4.159569   4.159631     2.7616     1.1582     0.2361    35.2963 9.5450e+02     0.0863     29.769    35.2964    35.2974     5.8248    1502.08    26.5596    26.5605 0.0000e+00
     31.000    13.3158    13.3125   4.159830   4.159478     2.7591     1.2268     0.2428    35.2970 9.5457e+02     0.0856     30.761    35.2971    35.2968     5.8206    1502.10    26.5599    26.5603 0.0000e+00
     32.000    13.3198    13.3149   4.160429   4.159880     2.7574     1.1204     0.2310    35.2985 9.5455e+02     0.0980     31.753    35.2986    35.2980     5.8239    1502.13    26.5603    26.5608 0.0000e+00
     33.000    13.3184    13.3182   4.160271   4.160378     2.7580     1.2573     0.2263    35.2979 9.5348e+02     0.0899     32.745    35.2980    35.2992     5.8228    1502.15    26.5601    26.5611 0.0000e+00
     34.000    13.3308    13.3267   4.161635   4.161633     2.7557     1.1152     0.2323    35.2987 9.5501e+02     0.0848     33.738    35.2990    35.3028     5.8122    1502.20    26.5584    26.5621 0.0000e+00
     35.000    13.3427    13.3491   4.163690   4.164659     2.7544     1.2109     0.2571    35.3064 9.5477e+02     0.0812     34.730    35.3070    35.3103     5.8029    1502.27    26.5622    26.5634 0.0000e+00
     36.000    13.3657    13.3516   4.166767   4.164924     2.7470     1.1267     0.2333    35.3134 9.5483e+02     0.0841     35.722    35.3144    35.3100     5.7843    1502.37    26.5632    26.5627 0.0000e+00
     37.000    13.3676    13.3645   4.167049   4.166838     2.7437     1.1367     0.5585    35.3142 9.5484e+02     0.0843     36.714    35.3149    35.3158     5.7792    1502.39    26.5632    26.5646 0.0000e+00
     38.000    13.3678    13.3655   4.167150   4.166983     2.7424     1.0467     0.2441    35.3146 9.5498e+02     0.0834     37.706    35.3152    35.3158     5.7791    1502.41    26.5634    26.5644 0.0000e+00
     39.000    13.3695    13.3667   4.167414   4.167172     2.7418     1.0350     0.2256    35.3153 9.5461e+02     0.0897     38.699    35.3157    35.3161     5.7797    1502.43    26.5635    26.5644 0.0000e+00
     40.000    13.3825    13.3841   4.169251   4.169678     2.7393     1.0007     0.2286    35.3200 9.5473e+02     0.0822     39.691    35.3207    35.3232     5.7638    1502.50    26.5647    26.5664 0.0000e+00
     41.000    13.3854    13.3879   4.169634   4.170091     2.7359     1.0168     0.2295    35.3206 9.5497e+02     0.0806     40.683    35.3212    35.3232     5.7651    1502.53    26.5646    26.5656 0.0000e+00
     42.000    13.4042    13.4087   4.172956   4.173705     2.7376     1.0420     0.2329    35.3338 9.5409e+02     0.0821     41.675    35.3347    35.3376     5.7399    1502.62    26.5712    26.5725 0.0000e+00
     43.000    13.5379    13.5442   4.192183   4.193305     2.7145     0.9398     0.2418    35.3880 9.5499e+02     0.0804     42.667    35.3920    35.3968     5.6194    1503.14    26.5880    26.5905 0.0000e+00
     44.000    13.5633    13.5626   4.196106   4.196071     2.6897     0.6881     0.2178    35.4014 9.5495e+02     0.0891     43.659    35.4051    35.4054     5.5898    1503.26    26.5929    26.5933 0.0000e+00
     45.000    13.6484    13.6464   4.210032   4.209767     2.6685     0.7168     0.2150    35.4523 9.5538e+02     0.0827     44.652    35.4569    35.4563     5.5081    1503.61    26.6154    26.6154 0.0000e+00
     46.000    13.7164    13.7158   4.220097   4.220147     2.6438     0.5165     0.2094    35.4831 9.5486e+02     0.0826     45.644    35.4882    35.4893     5.4526    1503.89    26.6255    26.6265 0.0000e+00
     47.000    13.7287    13.7294   4.221972   4.222235     2.6293     0.4195     0.2049    35.4901 9.5489e+02     0.0890     46.636    35.4940    35.4958     5.4386    1503.95    26.6275    26.6287 0.0000e+00
     48.000    13.7335    13.7345   4.222775   4.223075     2.6254     0.3644     0.2062    35.4935 9.5502e+02     0.0859     47.628    35.4967    35.4986     5.4327    1503.99    26.6286    26.6298 0.0000e+00
     49.000    13.7388    13.7399   4.223616   4.223928     2.6230     0.3742     0.2055    35.4966 9.5508e+02     0.0854     48.620    35.4993    35.5012     5.4290    1504.03    26.6295    26.6308 0.0000e+00
     50.000    13.7438    13.7446   4.224470   4.224723     2.6199     0.4080     0.2007    35.5000 9.5508e+02     0.0867     49.612    35.5022    35.5039     5.4212    1504.06    26.6307    26.6319 0.0000e+00
     51.000    13.7494    13.7504   4.225351   4.225659     2.6162     0.4018     0.2012    35.5033 9.5397e+02     0.0870     50.604    35.5049    35.5069     5.4111    1504.10    26.6317    26.6330 0.0000e+00
     52.000    13.7600    13.7612   4.227040   4.227360     2.6135     0.3728     0.2050    35.5091 9.5506e+02     0.0924     51.597    35.5105    35.5124     5.4050    1504.16    26.6338    26.6351 0.0000e+00
     53.000    13.7615    13.7618   4.227294   4.227469     2.6118     0.3538     0.2044    35.5098 9.5494e+02     0.0794     52.589    35.5111    35.5125     5.4017    1504.18    26.6340    26.6350 0.0000e+00
     54.000    13.7630    13.7636   4.227531   4.227754     2.6109     0.3364     0.2031    35.5105 9.5487e+02     0.0849     53.581    35.5115    35.5131     5.4013    1504.20    26.6340    26.6351 0.0000e+00
     55.000    13.7665    13.7670   4.228118   4.228341     2.6080     0.3468     0.2054    35.5126 9.5501e+02     0.0867     54.573    35.5133    35.5149     5.3922    1504.23    26.6347    26.6359 0.0000e+00
     56.000    13.7701    13.7706   4.228724   4.228926     2.6068     0.3391     0.2040    35.5147 9.5501e+02     0.0867     55.565    35.5153    35.5167     5.3923    1504.26    26.6356    26.6366 0.0000e+00
     57.000    13.7734    13.7744   4.229341   4.229641     2.6065     0.3253     0.2073    35.5170 9.5465e+02     0.0835     56.557    35.5176    35.5195     5.3909    1504.29    26.6367    26.6379 0.0000e+00
     58.000    13.7754    13.7759   4.229741   4.229972     2.6057     0.4181     0.2146    35.5186 9.5505e+02     0.0816     57.549    35.5191    35.5208     5.3908    1504.32    26.6374    26.6386 0.0000e+00
     59.000    13.7781    13.7786   4.230463   4.230671     2.6035     0.3016     0.2038    35.5225 9.5327e+02     0.0837     58.541    35.5230    35.5245     5.3785    1504.35    26.6399    26.6410 0.0000e+00
     60.000    13.7806    13.7811   4.231218   4.231416     2.6004     0.2988     0.2048    35.5269 9.5482e+02     0.0929     59.533    35.5273    35.5286     5.3742    1504.38    26.6427    26.6437 0.0000e+00
     61.000    13.7807    13.7817   4.231362   4.231646     2.5986     0.2863     0.2025    35.5278 9.5495e+02     0.0831     60.525    35.5281    35.5299     5.3700    1504.39    26.6434    26.6445 0.0000e+00
     62.000    13.7808    13.7812   4.231495   4.231702     2.5950     0.3268     0.1999    35.5287 9.5510e+02     0.0852     61.518    35.5289    35.5304     5.3624    1504.41    26.6440    26.6451 0.0000e+00
     63.000    13.7824    13.7833   4.231853   4.232113     2.5958     0.2895     0.2221    35.5301 9.5508e+02     0.0923     62.510    35.5303    35.5319     5.3744    1504.44    26.6448    26.6459 0.0000e+00
     64.000    13.7872    13.7851   4.232491   4.232354     2.5991     0.2691     0.2037    35.5312 9.5511e+02     0.0889     63.502    35.5315    35.5320     5.3798    1504.47    26.6447    26.6456 0.0000e+00
     65.000    13.7929    13.7917   4.233332   4.233316     2.6001     0.2826     0.2078    35.5333 9.5494e+02     0.0876     64.494    35.5336    35.5346     5.3803    1504.51    26.6452    26.6462 0.0000e+00
     66.000    13.7938    13.7940   4.233550   4.233698     2.6000     0.2540     0.2119    35.5341 9.5486e+02     0.0825     65.486    35.5343    35.5356     5.3807    1504.53    26.6456    26.6465 0.0000e+00
     67.000    13.8056    13.8080   4.235113   4.235563     2.6005     0.2566     0.2048    35.5371 9.5506e+02     0.0848     66.478    35.5376    35.5397     5.3811    1504.59    26.6457    26.6468 0.0000e+00
     68.000    13.8130    13.8139   4.236120   4.236373     2.6004     0.2838     0.2062    35.5394 9.5342e+02     0.0870     67.470    35.5399    35.5414     5.3760    1504.63    26.6460    26.6469 0.0000e+00
     69.000    13.8113    13.8128   4.235992   4.236307     2.5982     0.2566     0.2063    35.5394 9.5488e+02     0.0859     68.462    35.5398    35.5413     5.3715    1504.64    26.6462    26.6471 0.0000e+00
     70.000    13.8062    13.8079   4.235435   4.235781     2.5989     0.2506     0.2037    35.5387 9.5491e+02     0.0855     69.454    35.5389    35.5406     5.3782    1504.64    26.6467    26.6476 0.0000e+00
     71.000    13.8022    13.8036   4.235002   4.235293     2.5990     0.2515     0.1990    35.5381 9.5521e+02     0.0854     70.446    35.5381    35.5396     5.3817    1504.64    26.6469    26.6478 0.0000e+00
     72.000    13.8001    13.8008   4.234811   4.235046     2.6001     0.2538     0.1972    35.5378 9.5499e+02     0.0815     71.438    35.5378    35.5394     5.3860    1504.65    26.6471    26.6483 0.0000e+00
     73.000    13.8005    13.8012   4.234937   4.235171     2.6005     0.2317     0.2009    35.5382 9.5522e+02     0.0865     72.430    35.5382    35.5398     5.3840    1504.67    26.6474    26.6485 0.0000e+00
     74.000    13.7989    13.7996   4.234775   4.235019     2.5993     0.2295     0.1990    35.5379 9.5509e+02     0.0884     73.422    35.5378    35.5394     5.3804    1504.68    26.6475    26.6485 0.0000e+00
     75.000    13.7978    13.7987   4.234689   4.234956     2.5973     0.2459     0.1966    35.5377 9.5508e+02     0.0859     74.414    35.5376    35.5393     5.3796    1504.69    26.6476    26.6487 0.0000e+00
     76.000    13.7961    13.7969   4.234542   4.234795     2.5992     0.2462     0.1952    35.5374 9.5512e+02     0.0885     75.406    35.5373    35.5390     5.3853    1504.70    26.6477    26.6489 0.0000e+00
     77.000    13.7948    13.7961   4.234445   4.234748     2.5981     0.2294     0.1986    35.5373 9.5337e+02     0.0897     76.398    35.5372    35.5388     5.3776    1504.71    26.6480    26.6489 0.0000e+00
     78.000    13.7955    13.7960   4.234573   4.234801     2.5958     0.2272     0.2025    35.5374 9.5499e+02     0.0811     77.390    35.5374    35.5390     5.3734    1504.73    26.6480    26.6491 0.0000e+00
