05_ctd/ctd_files/ar43_002.cnv
* Sea-Bird SBE 9 Data File:
* FileName = D:\Data\AR43_002.hex
* Software Version Seasave V 7.26.7.121
* Temperature SN = 4252
* Conductivity SN = 1860
* Number of Bytes Per Scan = 40
* Number of Voltage Words = 5
* Number of Scans Averaged by the Deck Unit = 1
* NMEA Latitude = 39 38.15 N
* NMEA Longitude = 070 53.13 W
* NMEA UTC (Time) = Mar 12 2020  13:15:08
** Cruise ID: AR43
** Chief Sci:
** Station #:
** Site ID:
# nquan = 19
# nvalues = 2017                        
# units = specified
# name 0 = prDM: Pressure, Digiquartz [db]
# name 1 = t090C: Temperature [ITS-90, deg C]
# name 2 = t190C: Temperature, 2 [ITS-90, deg C]
# name 3 = c0S/m: Conductivity [S/m]
# name 4 = c1S/m: Conductivity, 2 [S/m]
# name 5 = sbeox0V: Oxygen raw, SBE 43 [V]
# name 6 = flECO-AFL: Fluorescence, WET Labs ECO-AFL/FL [mg/m^3]
# name 7 = turbWETntu0: Turbidity, WET Labs ECO [NTU]
# name 8 = sal00: Salinity, Practical [PSU]
# name 9 = spar: SPAR, Biospherical/Licor
# name 10 = v6: Voltage 6
# name 11 = depSM: Depth [salt water, m], lat = 39.6358
# name 12 = sal00: Salinity, Practical [PSU]
# name 13 = sal11: Salinity, Practical, 2 [PSU]
# name 14 = sbeox0ML/L: Oxygen, SBE 43 [ml/l], WS = 2
# name 15 = svCM: Sound Velocity [Chen-Millero, m/s]
# name 16 = sigma-é00: Density [sigma-theta, kg/m^3]
# name 17 = sigma-é11: Density, 2 [sigma-theta, kg/m^3]
# name 18 = flag: flag
# span 0 =      2.000,   1010.000       
# span 1 =     4.3822,    13.9988       
# span 2 =     4.3835,    14.0016       
# span 3 =   3.332398,   4.261509       
# span 4 =   3.332565,   4.261939       
# span 5 =     1.5278,     2.8076       
# span 6 =     0.0023,     1.6137       
# span 7 =     0.1755,     0.2960       
# span 8 =    34.9050,    35.6711       
# span 9 = 4.1597e+02, 1.8392e+03       
# span 10 =     0.0774,     0.1212      
# span 11 =      1.985,    999.863      
# span 12 =    34.9052,    35.6733      
# span 13 =    34.9064,    35.6779      
# span 14 =     2.8939,     6.0541      
# span 15 =    1482.23,    1505.58      
# span 16 =    26.4405,    27.7309      
# span 17 =    26.4409,    27.7314      
# span 18 = 0.0000e+00, 0.0000e+00      
# interval = decibars: 1                
# start_time = Mar 12 2020 13:15:08 [NMEA time, header]
# bad_flag = -9.990e-29
*END*
[from data line 1905]
    113.000    13.6951    13.6950   4.228145   4.228325     2.4690     0.1789     0.2049    35.5539 4.4299e+02     0.0877    112.107    35.5553    35.5571     5.0979    1505.01    26.6838    26.6853 0.0000e+00
    112.000    13.6966    13.6982   4.228085   4.228389     2.4743     0.1870     0.2012    35.5526 4.4261e+02     0.0908    111.115    35.5538    35.5551     5.1180    1504.99    26.6823    26.6830 0.0000e+00
    111.000    13.6991    13.7027   4.228139   4.228739     2.4814     0.1742     0.1985    35.5513 4.4163e+02     0.0861    110.124    35.5524    35.5547     5.1493    1504.98    26.6807    26.6818 0.0000e+00
    110.000    13.7113    13.7124   4.229183   4.229477     2.4911     0.1706     0.1992    35.5500 4.4051e+02     0.0871    109.132    35.5513    35.5530     5.1733    1505.01    26.6773    26.6784 0.0000e+00
    109.000    13.7090    13.7093   4.228754   4.228921     2.4990     0.1973     0.2009    35.5488 4.4026e+02     0.0796    108.140    35.5498    35.5511     5.1846    1504.98    26.6766    26.6776 0.0000e+00
    108.000    13.7060    13.7079   4.228277   4.228687     2.5055     0.2073     0.2018    35.5477 4.4036e+02     0.0869    107.148    35.5485    35.5506     5.1957    1504.95    26.6762    26.6774 0.0000e+00
    107.000    13.7068    13.7117   4.228322   4.229066     2.5095     0.1974     0.2043    35.5479 4.4170e+02     0.0879    106.156    35.5486    35.5511     5.1966    1504.94    26.6761    26.6770 0.0000e+00
    106.000    13.7149    13.7255   4.229239   4.230643     2.5132     0.1841     0.1988    35.5493 4.4352e+02     0.0865    105.164    35.5501    35.5535     5.2050    1504.95    26.6755    26.6759 0.0000e+00
    105.000    13.7224    13.7204   4.230103   4.230079     2.5180     0.2408     0.2046    35.5509 4.4187e+02     0.0846    104.172    35.5518    35.5534     5.2092    1504.96    26.6752    26.6769 0.0000e+00
    104.000    13.7173    13.7289   4.229486   4.230944     2.5218     0.2047     0.2045    35.5506 4.3864e+02     0.0898    103.181    35.5511    35.5541     5.2186    1504.93    26.6757    26.6756 0.0000e+00
    103.000    13.7458    13.7451   4.232689   4.232879     2.5259     0.2099     0.2066    35.5542 4.4176e+02     0.0907    102.189    35.5552    35.5576     5.2282    1505.01    26.6729    26.6749 0.0000e+00
    102.000    13.7827    13.8084   4.237056   4.240014     2.5427     0.2490     0.2047    35.5614 4.4160e+02     0.0849    101.197    35.5623    35.5662     5.2612    1505.12    26.6706    26.6683 0.0000e+00
    101.000    13.8069    13.8526   4.240052   4.245530     2.5524     0.2834     0.2029    35.5680 4.4251e+02     0.0863    100.205    35.5684    35.5774     5.2789    1505.19    26.6703    26.6677 0.0000e+00
    100.000    13.8888    13.8753   4.249868   4.248449     2.5706     0.3575     0.2096    35.5851 4.5248e+02     0.0851     99.213    35.5850    35.5842     5.3141    1505.46    26.6659    26.6681 0.0000e+00
     99.000    13.8724    13.8735   4.247778   4.248125     2.5691     0.2990     0.2089    35.5809 4.5012e+02     0.0927     98.221    35.5810    35.5832     5.3120    1505.38    26.6662    26.6677 0.0000e+00
     98.000    13.8743    13.8763   4.247944   4.248376     2.5691     0.3203     0.2044    35.5811 4.5162e+02     0.0849     97.229    35.5812    35.5835     5.3116    1505.37    26.6660    26.6673 0.0000e+00
     97.000    13.8779    13.8839   4.248322   4.249163     2.5683     0.3242     0.2031    35.5817 4.4801e+02     0.0867     96.237    35.5819    35.5842     5.3083    1505.37    26.6657    26.6662 0.0000e+00
     96.000    13.8833    13.8857   4.248868   4.249342     2.5705     0.3305     0.2110    35.5822 4.4726e+02     0.0873     95.245    35.5824    35.5846     5.3172    1505.37    26.6649    26.6661 0.0000e+00
     95.000    13.8909    13.8889   4.249571   4.249629     2.5719     0.3178     0.2099    35.5819 4.4926e+02     0.0911     94.254    35.5823    35.5847     5.3185    1505.38    26.6632    26.6655 0.0000e+00
     94.000    13.8948    13.8954   4.249943   4.250226     2.5722     0.3442     0.2043    35.5821 4.5157e+02     0.0908     93.262    35.5826    35.5848     5.3104    1505.37    26.6626    26.6641 0.0000e+00
     93.000    13.8965    13.8969   4.250043   4.250268     2.5690     0.3431     0.2041    35.5820 4.5315e+02     0.0863     92.270    35.5824    35.5841     5.2977    1505.36    26.6620    26.6633 0.0000e+00
     92.000    13.8958    13.8965   4.249971   4.250189     2.5685     0.3250     0.2079    35.5826 4.4317e+02     0.0902     91.278    35.5828    35.5842     5.3044    1505.35    26.6625    26.6634 0.0000e+00
     91.000    13.8979    13.8975   4.249996   4.250203     2.5673     0.3495     0.2148    35.5813 4.4638e+02     0.0879     90.286    35.5815    35.5838     5.2947    1505.33    26.6610    26.6628 0.0000e+00
     90.000    13.9026    13.9057   4.250417   4.251018     2.5659     0.3215     0.2045    35.5813 4.5007e+02     0.0883     89.294    35.5816    35.5843     5.2854    1505.33    26.6600    26.6615 0.0000e+00
     89.000    13.9211    13.9350   4.252348   4.254323     2.5607     0.3344     0.2044    35.5822 4.5192e+02     0.0897     88.302    35.5829    35.5885     5.2600    1505.38    26.6571    26.6585 0.0000e+00
     88.000    13.9165    13.9204   4.252073   4.252717     2.5509     0.3125     0.2075    35.5847 4.4626e+02     0.0859     87.310    35.5850    35.5874     5.2534    1505.35    26.6597    26.6608 0.0000e+00
     87.000    13.9282    13.9415   4.253325   4.255338     2.5523     0.2997     0.2069    35.5857 4.4493e+02     0.0915     86.318    35.5862    35.5928     5.2458    1505.37    26.6582    26.6605 0.0000e+00
     86.000    13.9638    13.9808   4.257724   4.260170     2.5457     0.2857     0.2040    35.5935 4.4653e+02     0.0864     85.326    35.5949    35.6020     5.2088    1505.48    26.6573    26.6592 0.0000e+00
     85.000    13.9966    13.9937   4.261502   4.261363     2.5340     0.2762     0.2084    35.5985 4.4841e+02     0.0834     84.334    35.6003    35.6016     5.1783    1505.58    26.6545    26.6562 0.0000e+00
     84.000    13.9812    13.9891   4.259749   4.260870     2.5263     0.3251     0.2100    35.5977 4.4795e+02     0.0926     83.342    35.5985    35.6017     5.1808    1505.51    26.6564    26.6572 0.0000e+00
     83.000    13.9949    13.9995   4.261144   4.261853     2.5270     0.2657     0.2045    35.5984 4.4442e+02     0.0884     82.350    35.5994    35.6017     5.1814    1505.54    26.6541    26.6550 0.0000e+00
     82.000    13.9984    14.0016   4.261508   4.261939     2.5266     0.2444     0.1998    35.5990 4.4614e+02     0.0868     81.358    35.5999    35.6009     5.1785    1505.53    26.6538    26.6539 0.0000e+00
     81.000    13.9988    13.9993   4.261277   4.261535     2.5293     0.2924     0.2098    35.5972 4.4718e+02     0.0855     80.366    35.5978    35.5998     5.1917    1505.51    26.6520    26.6535 0.0000e+00
     80.000    13.9955    13.9961   4.260800   4.261029     2.5325     0.3393     0.2091    35.5965 4.4517e+02     0.0871     79.374    35.5968    35.5984     5.1956    1505.49    26.6520    26.6530 0.0000e+00
     79.000    13.9915    13.9915   4.260160   4.260362     2.5340     0.2982     0.2041    35.5948 4.4554e+02     0.0829     78.382    35.5950    35.5968     5.1994    1505.45    26.6513    26.6528 0.0000e+00
     78.000    13.9854    13.9688   4.259204   4.257052     2.5367     0.2886     0.2051    35.5921 4.4321e+02     0.0897     77.390    35.5921    35.5874     5.2080    1505.41    26.6504    26.6502 0.0000e+00
     77.000    13.9708    13.9654   4.257159   4.256517     2.5374     0.3242     0.2091    35.5873 4.4426e+02     0.0893     76.398    35.5869    35.5859     5.2091    1505.34    26.6494    26.6498 0.0000e+00
     76.000    13.9596    13.9579   4.255555   4.255499     2.5394     0.3119     0.2036    35.5833 4.4620e+02     0.0854     75.406    35.5827    35.5837     5.2193    1505.29    26.6485    26.6496 0.0000e+00
     75.000    13.9599    13.9615   4.255601   4.255970     2.5443     0.3170     0.2057    35.5836 4.4393e+02     0.0888     74.414    35.5833    35.5852     5.2260    1505.27    26.6488    26.6500 0.0000e+00
     74.000    13.9591    13.9597   4.255379   4.255641     2.5450     0.3039     0.2061    35.5826 4.4132e+02     0.0838     73.422    35.5824    35.5842     5.2267    1505.25    26.6483    26.6496 0.0000e+00
     73.000    13.9580    13.9582   4.255157   4.255345     2.5452     0.2958     0.1989    35.5820 4.4413e+02     0.0824     72.430    35.5818    35.5833     5.2260    1505.23    26.6480    26.6491 0.0000e+00
     72.000    13.9553    13.9556   4.254775   4.254974     2.5467     0.3003     0.2082    35.5813 4.4642e+02     0.0861     71.438    35.5811    35.5827     5.2335    1505.21    26.6480    26.6492 0.0000e+00
     71.000    13.9555    13.9568   4.254783   4.255147     2.5500     0.3663     0.2042    35.5815 4.4006e+02     0.0872     70.446    35.5814    35.5836     5.2358    1505.19    26.6481    26.6496 0.0000e+00
     70.000    13.9516    13.9534   4.254151   4.254543     2.5492     0.3303     0.2037    35.5798 4.4281e+02     0.0899     69.454    35.5795    35.5815     5.2376    1505.16    26.6475    26.6487 0.0000e+00
     69.000    13.9463    13.9444   4.253408   4.253196     2.5509     0.3259     0.2012    35.5782 4.4461e+02     0.0865     68.462    35.5779    35.5777     5.2438    1505.12    26.6474    26.6476 0.0000e+00
     68.000    13.9399    13.9416   4.252429   4.252841     2.5533     0.3361     0.2067    35.5755 4.4344e+02     0.0837     67.470    35.5751    35.5774     5.2494    1505.08    26.6465    26.6479 0.0000e+00
     67.000    13.9399    13.9416   4.252380   4.252781     2.5562     0.3394     0.2095    35.5753 4.4214e+02     0.0911     66.478    35.5751    35.5772     5.2531    1505.07    26.6465    26.6477 0.0000e+00
     66.000    13.9379    13.9349   4.252025   4.251748     2.5589     0.3752     0.2063    35.5742 4.4224e+02     0.0859     65.486    35.5740    35.5742     5.2634    1505.04    26.6460    26.6468 0.0000e+00
     65.000    13.9342    13.9296   4.251477   4.250827     2.5602     0.3559     0.2057    35.5730 4.4066e+02     0.0925     64.494    35.5727    35.5709     5.2598    1505.01    26.6458    26.6454 0.0000e+00
     64.000    13.9230    13.9185   4.249743   4.249130     2.5606     0.2977     0.2099    35.5678 4.4113e+02     0.0860     63.502    35.5673    35.5658     5.2632    1504.95    26.6439    26.6437 0.0000e+00
     63.000    13.9009    13.8960   4.246807   4.246163     2.5580     0.3772     0.2136    35.5617 4.4344e+02     0.0855     62.510    35.5607    35.5592     5.2508    1504.86    26.6435    26.6433 0.0000e+00
     62.000    13.8973    13.8987   4.246030   4.246451     2.5567     0.3595     0.2081    35.5578 4.4086e+02     0.0890     61.518    35.5572    35.5598     5.2576    1504.82    26.6414    26.6432 0.0000e+00
     61.000    13.8929    13.8951   4.245355   4.245786     2.5572     0.3596     0.2059    35.5560 4.4007e+02     0.0816     60.526    35.5554    35.5574     5.2534    1504.79    26.6409    26.6420 0.0000e+00
     60.000    13.8745    13.8645   4.242770   4.241466     2.5555     0.3654     0.2041    35.5496 4.4172e+02     0.0886     59.534    35.5486    35.5456     5.2487    1504.71    26.6395    26.6394 0.0000e+00
     59.000    13.8457    13.8516   4.238936   4.239859     2.5566     0.3479     0.2098    35.5412 4.4316e+02     0.0851     58.542    35.5398    35.5429     5.2619    1504.59    26.6388    26.6399 0.0000e+00
     58.000    13.8457    13.8548   4.238660   4.240150     2.5604     0.3231     0.2080    35.5383 4.4014e+02     0.0841     57.549    35.5376    35.5431     5.2675    1504.57    26.6370    26.6394 0.0000e+00
     57.000    13.8323    13.8363   4.236928   4.237391     2.5609     0.3381     0.2042    35.5352 4.4046e+02     0.0891     56.557    35.5342    35.5348     5.2777    1504.50    26.6371    26.6368 0.0000e+00
     56.000    13.8065    13.8024   4.233463   4.232779     2.5648     0.3415     0.2027    35.5275 4.4182e+02     0.0879     55.565    35.5260    35.5234     5.2924    1504.39    26.6362    26.6351 0.0000e+00
     55.000    13.8009    13.8106   4.232349   4.233970     2.5692     0.3782     0.2041    35.5223 4.4328e+02     0.0888     54.573    35.5212    35.5275     5.2958    1504.35    26.6336    26.6364 0.0000e+00
     54.000    13.8026    13.8053   4.232521   4.232956     2.5709     0.3476     0.2100    35.5224 4.4047e+02     0.0823     53.581    35.5216    35.5232     5.3012    1504.34    26.6336    26.6343 0.0000e+00
     53.000    13.8026    13.7999   4.232273   4.231863     2.5731     0.3326     0.2041    35.5203 4.4046e+02     0.0849     52.589    35.5197    35.5184     5.3168    1504.32    26.6321    26.6316 0.0000e+00
     52.000    13.7977    13.7973   4.231289   4.231375     2.5846     0.4114     0.2080    35.5161 4.4264e+02     0.0876     51.597    35.5155    35.5167     5.3485    1504.29    26.6298    26.6308 0.0000e+00
     51.000    13.7961    13.7979   4.230968   4.231436     2.5949     0.4732     0.2118    35.5148 4.4396e+02     0.0811     50.605    35.5143    35.5171     5.3676    1504.26    26.6292    26.6310 0.0000e+00
     50.000    13.7971    13.7966   4.230958   4.231077     2.5987     0.5118     0.2116    35.5141 4.4351e+02     0.0914     49.613    35.5138    35.5153     5.3753    1504.25    26.6286    26.6298 0.0000e+00
     49.000    13.7950    13.7942   4.230593   4.230613     2.6036     0.5880     0.2298    35.5130 4.4133e+02     0.0872     48.620    35.5127    35.5137     5.3862    1504.22    26.6281    26.6290 0.0000e+00
     48.000    13.7935    13.7938   4.230292   4.230476     2.6077     0.5254     0.2121    35.5120 4.4227e+02     0.0815     47.628    35.5117    35.5131     5.3953    1504.20    26.6277    26.6287 0.0000e+00
     47.000    13.7931    13.7899   4.230181   4.229830     2.6106     0.5842     0.2212    35.5116 4.4495e+02     0.0911     46.636    35.5114    35.5111     5.3982    1504.18    26.6274    26.6279 0.0000e+00
     46.000    13.7917    13.7890   4.229853   4.229682     2.6125     0.6081     0.2213    35.5103 4.4436e+02     0.0835     45.644    35.5101    35.5110     5.4046    1504.16    26.6267    26.6279 0.0000e+00
     45.000    13.7882    13.7868   4.229301   4.229265     2.6162     0.5903     0.2136    35.5088 4.4314e+02     0.0910     44.652    35.5086    35.5096     5.4139    1504.13    26.6262    26.6273 0.0000e+00
     44.000    13.7864    13.7826   4.228950   4.228627     2.6158     0.6407     0.2147    35.5076 4.4480e+02     0.0910     43.660    35.5074    35.5079     5.4050    1504.11    26.6257    26.6268 0.0000e+00
     43.000    13.7837    13.7816   4.228545   4.228447     2.6161     0.6729     0.2185    35.5067 4.4541e+02     0.0871     42.668    35.5065    35.5075     5.4077    1504.08    26.6255    26.6267 0.0000e+00
     42.000    13.7826    13.7812   4.228364   4.228351     2.6149     0.6770     0.2104    35.5064 4.4461e+02     0.0854     41.675    35.5063    35.5074     5.4030    1504.06    26.6255    26.6267 0.0000e+00
     41.000    13.7817    13.7806   4.228148   4.228170     2.6158     0.6603     0.2120    35.5056 4.4594e+02     0.0787     40.683    35.5055    35.5067     5.4049    1504.04    26.6251    26.6263 0.0000e+00
     40.000    13.7803    13.7801   4.227895   4.228055     2.6141     0.7009     0.2162    35.5050 4.4779e+02     0.0828     39.691    35.5048    35.5065     5.3944    1504.02    26.6248    26.6261 0.0000e+00
     39.000    13.7792    13.7795   4.227732   4.227934     2.6129     0.5979     0.2204    35.5049 4.4887e+02     0.0855     38.699    35.5047    35.5064     5.4002    1504.00    26.6249    26.6262 0.0000e+00
