05_ctd/ctd_files/ar43_001.cnv
* Sea-Bird SBE 9 Data File:
* FileName = D:\Data\AR43_001.hex
* Software Version Seasave V 7.26.7.121
* Temperature SN = 4252
* Conductivity SN = 1860
* Number of Bytes Per Scan = 40
* Number of Voltage Words = 5
* Number of Scans Averaged by the Deck Unit = 1
* NMEA Latitude = 39 37.41 N
* NMEA Longitude = 070 53.14 W
* NMEA UTC (Time) = Mar 12 2020  01:22:57
** Cruise ID: AR43
** Chief Sci:
** Station #:
** Site ID:
# nquan = 19
# nvalues = 2021                        
# units = specified
# name 0 = prDM: Pressure, Digiquartz [db]
# name 1 = t090C: Temperature [ITS-90, deg C]
# name 2 = t190C: Temperature, 2 [ITS-90, deg C]
# name 3 = c0S/m: Conductivity [S/m]
# name 4 = c1S/m: Conductivity, 2 [S/m]
# name 5 = sbeox0V: Oxygen raw, SBE 43 [V]
# name 6 = flECO-AFL: Fluorescence, WET Labs ECO-AFL/FL [mg/m^3]
# name 7 = turbWETntu0: Turbidity, WET Labs ECO [NTU]
# name 8 = sal00: Salinity, Practical [PSU]
# name 9 = spar: SPAR, Biospherical/Licor
# name 10 = v6: Voltage 6
# name 11 = depSM: Depth [salt water, m], lat = 39.6235
# name 12 = sal00: Salinity, Practical [PSU]
# name 13 = sal11: Salinity, Practical, 2 [PSU]
# name 14 = sbeox0ML/L: Oxygen, SBE 43 [ml/l], WS = 2
# name 15 = svCM: Sound Velocity [Chen-Millero, m/s]
# name 16 = sigma-é00: Density [sigma-theta, kg/m^3]
# name 17 = sigma-é11: Density, 2 [sigma-theta, kg/m^3]
# name 18 = flag: flag
# span 0 =      2.000,   1012.000       
# span 1 =     4.4055,    14.0249       
# span 2 =     4.4062,    14.0262       
# span 3 =   3.334672,   4.267372       
# span 4 =   3.334724,   4.267644       
# span 5 =     1.5865,     2.7730       
# span 6 =    -0.0023,     1.6794       
# span 7 =     0.1786,     0.3962       
# span 8 =    34.9736,    35.7521       
# span 9 = -3.688e-02, 1.1555e+00       
# span 10 =     0.0747,     0.1170      
# span 11 =      1.985,   1001.839      
# span 12 =    34.9736,    35.7508      
# span 13 =    34.9742,    35.7473      
# span 14 =     2.7830,     5.8191      
# span 15 =    1482.20,    1505.88      
# span 16 =    26.5586,    27.7309      
# span 17 =    26.5595,    27.7311      
# span 18 = 0.0000e+00, 0.0000e+00      
# interval = decibars: 1                
# start_time = Mar 12 2020 01:22:57 [NMEA time, header]
# bad_flag = -9.990e-29
*END*
[from data line 1448]
    574.000     5.9507     5.9542   3.465204   3.465710     1.9762     0.0514     0.1997    35.0788 1.2329e-03     0.1039    568.833    35.0811    35.0832     4.8316    1484.09    27.6297    27.6309 0.0000e+00
    573.000     5.9554     5.9558   3.465604   3.465854     1.9756     0.0435     0.2013    35.0791 0.0000e+00     0.1029    567.843    35.0812    35.0836     4.8312    1484.09    27.6291    27.6310 0.0000e+00
    572.000     5.9563     5.9575   3.465729   3.465982     1.9748     0.0323     0.1923    35.0803 2.6198e-01     0.0988    566.854    35.0823    35.0839     4.8292    1484.08    27.6298    27.6310 0.0000e+00
    571.000     5.9611     5.9623   3.466114   3.466379     1.9748     0.0328     0.1887    35.0802 1.3036e-01     0.0990    565.864    35.0821    35.0839     4.8269    1484.08    27.6291    27.6304 0.0000e+00
    570.000     5.9655     5.9669   3.466480   3.466765     1.9740     0.0547     0.1942    35.0804 1.2500e-01     0.0998    564.874    35.0822    35.0839     4.8199    1484.08    27.6286    27.6298 0.0000e+00
    569.000     5.9716     5.9736   3.467013   3.467350     1.9731     0.0420     0.1946    35.0806 1.9778e-01     0.1012    563.885    35.0824    35.0842     4.8134    1484.09    27.6280    27.6291 0.0000e+00
    568.000     5.9734     5.9696   3.467176   3.466895     1.9707     0.0283     0.1950    35.0815 9.8633e-02     0.0966    562.895    35.0829    35.0837     4.8106    1484.08    27.6282    27.6293 0.0000e+00
    567.000     5.9782     5.9770   3.467479   3.467572     1.9711     0.0313     0.1916    35.0807 1.9847e-01     0.0960    561.905    35.0819    35.0841     4.8207    1484.08    27.6267    27.6286 0.0000e+00
    566.000     5.9965     6.0014   3.469211   3.469929     1.9715     0.0249     0.1937    35.0813 1.3925e-01     0.0982    560.916    35.0830    35.0860     4.8126    1484.14    27.6252    27.6270 0.0000e+00
    565.000     6.0168     6.0183   3.471071   3.471381     1.9711     0.0312     0.1910    35.0814 -7.837e-04     0.1100    559.926    35.0835    35.0855     4.8023    1484.20    27.6230    27.6244 0.0000e+00
    564.000     6.0286     6.0319   3.472118   3.472704     1.9707     0.0328     0.1904    35.0813 1.8664e-01     0.1099    558.936    35.0836    35.0868     4.7937    1484.23    27.6216    27.6237 0.0000e+00
    563.000     6.0392     6.0420   3.473021   3.473536     1.9696     0.0452     0.1910    35.0810 -2.803e-03     0.1121    557.947    35.0834    35.0863     4.7819    1484.26    27.6201    27.6220 0.0000e+00
    562.000     6.0461     6.0494   3.473636   3.474193     1.9680     0.0465     0.1907    35.0812 0.0000e+00     0.1123    556.957    35.0837    35.0866     4.7726    1484.27    27.6194    27.6213 0.0000e+00
    561.000     6.0520     6.0518   3.474230   3.474308     1.9659     0.0342     0.1957    35.0823 0.0000e+00     0.0995    555.967    35.0848    35.0859     4.7660    1484.28    27.6195    27.6204 0.0000e+00
    560.000     6.0365     6.0416   3.472783   3.473345     1.9610     0.0475     0.2014    35.0838 1.5450e-01     0.1026    554.978    35.0850    35.0861     4.7671    1484.20    27.6217    27.6218 0.0000e+00
    559.000     6.0407     6.0435   3.473060   3.473474     1.9616     0.0243     0.2010    35.0831 -2.529e-03     0.1013    553.988    35.0843    35.0861     4.7716    1484.20    27.6205    27.6216 0.0000e+00
    558.000     6.0576     6.0567   3.474576   3.474722     1.9613     0.0615     0.1985    35.0829 0.0000e+00     0.1014    552.998    35.0844    35.0869     4.7652    1484.25    27.6185    27.6206 0.0000e+00
    557.000     6.0679     6.0710   3.475535   3.475966     1.9613     0.0338     0.1985    35.0834 2.7537e-01     0.1025    552.008    35.0850    35.0868     4.7590    1484.28    27.6176    27.6186 0.0000e+00
    556.000     6.0749     6.0782   3.476146   3.476634     1.9601     0.0057     0.1980    35.0835 1.3892e-01     0.1011    551.019    35.0852    35.0873     4.7525    1484.29    27.6169    27.6181 0.0000e+00
    555.000     6.0821     6.0872   3.476781   3.477381     1.9597     0.0254     0.1887    35.0837 6.5758e-04     0.0990    550.029    35.0854    35.0869     4.7509    1484.30    27.6161    27.6166 0.0000e+00
    554.000     6.0877     6.0904   3.477244   3.477648     1.9586     0.0434     0.2046    35.0837 0.0000e+00     0.0990    549.039    35.0854    35.0872     4.7449    1484.31    27.6153    27.6164 0.0000e+00
    553.000     6.0884     6.0931   3.477283   3.477840     1.9579     0.0374     0.2034    35.0841 2.3349e-01     0.1044    548.049    35.0856    35.0870     4.7421    1484.29    27.6154    27.6159 0.0000e+00
    552.000     6.0937     6.1001   3.477694   3.478450     1.9568     0.0369     0.1949    35.0837 1.9476e-01     0.1014    547.060    35.0852    35.0872     4.7349    1484.30    27.6144    27.6152 0.0000e+00
    551.000     6.0987     6.1063   3.478151   3.478972     1.9553     0.0442     0.1953    35.0843 8.2877e-02     0.0985    546.070    35.0857    35.0871     4.7288    1484.30    27.6142    27.6143 0.0000e+00
    550.000     6.1066     6.1146   3.478916   3.479719     1.9539     0.0474     0.1950    35.0852 6.8471e-02     0.0951    545.080    35.0867    35.0875     4.7246    1484.32    27.6139    27.6135 0.0000e+00
    549.000     6.1160     6.1138   3.479738   3.479615     1.9527     0.0376     0.1989    35.0854 5.4274e-02     0.1062    544.091    35.0867    35.0876     4.7253    1484.34    27.6127    27.6137 0.0000e+00
    548.000     6.1177     6.1218   3.479758   3.480358     1.9527     0.0348     0.1941    35.0845 1.0971e-01     0.1114    543.101    35.0857    35.0882     4.7258    1484.33    27.6117    27.6131 0.0000e+00
    547.000     6.1288     6.1270   3.480874   3.480861     1.9528     0.0422     0.1963    35.0859 1.6037e-01     0.1064    542.111    35.0873    35.0891     4.7217    1484.36    27.6115    27.6131 0.0000e+00
    546.000     6.1411     6.1387   3.481958   3.481904     1.9521     0.0476     0.2011    35.0857 -3.851e-03     0.1061    541.121    35.0873    35.0892     4.7158    1484.39    27.6099    27.6117 0.0000e+00
    545.000     6.1457     6.1462   3.482321   3.482555     1.9521     0.0391     0.1994    35.0855 0.0000e+00     0.1040    540.132    35.0872    35.0893     4.7131    1484.39    27.6092    27.6108 0.0000e+00
    544.000     6.1556     6.1606   3.483210   3.483973     1.9514     0.0328     0.1985    35.0856 1.6210e-01     0.1031    539.142    35.0874    35.0908     4.7038    1484.41    27.6081    27.6101 0.0000e+00
    543.000     6.1643     6.1626   3.483999   3.483980     1.9485     0.0347     0.1985    35.0862 1.2881e-01     0.1010    538.152    35.0879    35.0893     4.6941    1484.43    27.6073    27.6087 0.0000e+00
    542.000     6.1462     6.1568   3.482259   3.483376     1.9474     0.0482     0.1986    35.0868 2.5757e-01     0.1099    537.162    35.0874    35.0891     4.7082    1484.34    27.6093    27.6092 0.0000e+00
    541.000     6.1710     6.1640   3.484531   3.484155     1.9478     0.0621     0.2010    35.0866 -1.343e-04     0.1052    536.172    35.0879    35.0909     4.7002    1484.42    27.6064    27.6097 0.0000e+00
    540.000     6.2071     6.2059   3.487895   3.488226     1.9478     0.0517     0.1981    35.0867 0.0000e+00     0.1024    535.183    35.0890    35.0940     4.6897    1484.55    27.6026    27.6067 0.0000e+00
    539.000     6.2221     6.2210   3.489308   3.489455     1.9473     0.0334     0.1938    35.0874 0.0000e+00     0.0985    534.193    35.0899    35.0926     4.6789    1484.60    27.6014    27.6037 0.0000e+00
    538.000     6.2262     6.2298   3.489703   3.490175     1.9461     0.0363     0.1936    35.0881 5.3866e-01     0.0965    533.203    35.0906    35.0922     4.6682    1484.60    27.6014    27.6021 0.0000e+00
    537.000     6.2319     6.2340   3.490174   3.490606     1.9447     0.0392     0.1935    35.0880 8.8437e-03     0.1025    532.213    35.0905    35.0932     4.6612    1484.60    27.6005    27.6024 0.0000e+00
    536.000     6.2327     6.2318   3.490260   3.490277     1.9423     0.0169     0.1946    35.0890 1.2054e-01     0.1049    531.223    35.0912    35.0923     4.6564    1484.59    27.6010    27.6019 0.0000e+00
    535.000     6.2300     6.2313   3.489980   3.490202     1.9396     0.0273     0.1972    35.0897 1.1157e-01     0.1035    530.234    35.0914    35.0925     4.6546    1484.56    27.6014    27.6022 0.0000e+00
    534.000     6.2247     6.2296   3.489393   3.489969     1.9389     0.0199     0.1909    35.0895 -7.377e-03     0.0999    529.244    35.0907    35.0921     4.6580    1484.52    27.6016    27.6021 0.0000e+00
    533.000     6.2328     6.2377   3.490107   3.490746     1.9385     0.0390     0.1925    35.0896 8.7783e-02     0.1006    528.254    35.0908    35.0930     4.6554    1484.54    27.6006    27.6017 0.0000e+00
    532.000     6.2530     6.2546   3.491958   3.492323     1.9385     0.0330     0.1888    35.0896 1.1317e-01     0.1026    527.264    35.0913    35.0937     4.6515    1484.60    27.5983    27.6001 0.0000e+00
    531.000     6.2702     6.2649   3.493512   3.493314     1.9380     0.0403     0.1962    35.0895 -2.398e-03     0.1047    526.274    35.0915    35.0947     4.6430    1484.66    27.5963    27.5995 0.0000e+00
    530.000     6.2786     6.2779   3.494311   3.494458     1.9371     0.0257     0.1944    35.0903 0.0000e+00     0.1057    525.284    35.0923    35.0946     4.6374    1484.67    27.5958    27.5977 0.0000e+00
    529.000     6.2844     6.2852   3.494815   3.495071     1.9365     0.0198     0.1949    35.0905 1.3381e-01     0.1075    524.295    35.0926    35.0946     4.6315    1484.68    27.5952    27.5967 0.0000e+00
    528.000     6.2914     6.2963   3.495468   3.496078     1.9347     0.0275     0.1994    35.0911 8.7598e-02     0.1056    523.305    35.0931    35.0949     4.6210    1484.69    27.5947    27.5955 0.0000e+00
    527.000     6.2894     6.2875   3.495267   3.495188     1.9323     0.0449     0.1975    35.0919 1.6048e-01     0.0997    522.315    35.0935    35.0945     4.6197    1484.67    27.5952    27.5963 0.0000e+00
    526.000     6.2888     6.2940   3.495138   3.495763     1.9316     0.0242     0.1954    35.0919 -1.121e-02     0.1017    521.325    35.0931    35.0948     4.6226    1484.65    27.5950    27.5957 0.0000e+00
    525.000     6.2949     6.3042   3.495658   3.496735     1.9317     0.0255     0.1934    35.0919 1.4075e-01     0.1039    520.335    35.0932    35.0957     4.6196    1484.66    27.5943    27.5950 0.0000e+00
    524.000     6.3104     6.3146   3.497078   3.497650     1.9309     0.0330     0.1884    35.0920 2.8412e-01     0.1039    519.345    35.0936    35.0957     4.6125    1484.70    27.5926    27.5937 0.0000e+00
    523.000     6.3165     6.3180   3.497620   3.497904     1.9305     0.0288     0.1938    35.0922 1.0459e-03     0.0991    518.355    35.0939    35.0955     4.6096    1484.71    27.5920    27.5931 0.0000e+00
    522.000     6.3187     6.3210   3.497773   3.498133     1.9298     0.0313     0.1965    35.0923 8.9020e-02     0.0970    517.366    35.0938    35.0955     4.6075    1484.70    27.5916    27.5927 0.0000e+00
    521.000     6.3213     6.3228   3.498018   3.498272     1.9292     0.0483     0.1908    35.0931 7.7251e-02     0.0987    516.376    35.0944    35.0957     4.6056    1484.70    27.5918    27.5926 0.0000e+00
    520.000     6.3218     6.3242   3.498014   3.498346     1.9287     0.0454     0.1944    35.0932 -1.276e-03     0.0990    515.386    35.0943    35.0956     4.6038    1484.68    27.5916    27.5923 0.0000e+00
    519.000     6.3213     6.3271   3.497913   3.498551     1.9283     0.0444     0.1986    35.0933 9.4177e-02     0.0995    514.396    35.0943    35.0954     4.6042    1484.66    27.5916    27.5917 0.0000e+00
    518.000     6.3261     6.3323   3.498298   3.498984     1.9282     0.0427     0.1969    35.0932 2.3105e-01     0.1098    513.406    35.0941    35.0954     4.6035    1484.66    27.5909    27.5910 0.0000e+00
    517.000     6.3308     6.3355   3.498673   3.499224     1.9283     0.0589     0.1914    35.0930 1.5837e-01     0.1049    512.416    35.0940    35.0953     4.6037    1484.67    27.5901    27.5905 0.0000e+00
    516.000     6.3375     6.3382   3.499212   3.499482     1.9284     0.0693     0.1936    35.0926 3.4087e-01     0.1025    511.426    35.0936    35.0959     4.6012    1484.68    27.5889    27.5907 0.0000e+00
    515.000     6.3450     6.3505   3.499869   3.500643     1.9282     0.0295     0.1967    35.0926 1.3268e-01     0.1026    510.436    35.0938    35.0968     4.5953    1484.69    27.5881    27.5897 0.0000e+00
    514.000     6.3622     6.3634   3.501373   3.501768     1.9276     0.0140     0.1980    35.0918 1.6042e-01     0.1014    509.446    35.0934    35.0966     4.5857    1484.74    27.5855    27.5878 0.0000e+00
    513.000     6.3707     6.3731   3.502210   3.502630     1.9264     0.0398     0.1936    35.0928 1.3205e-01     0.1001    508.456    35.0945    35.0967     4.5766    1484.76    27.5852    27.5866 0.0000e+00
    512.000     6.3739     6.3723   3.502511   3.502489     1.9247     0.0356     0.1939    35.0936 7.3268e-02     0.1016    507.467    35.0951    35.0965     4.5722    1484.75    27.5853    27.5866 0.0000e+00
    511.000     6.3718     6.3726   3.502310   3.502522     1.9225     0.0436     0.1960    35.0944 1.5871e-01     0.1064    506.477    35.0955    35.0970     4.5694    1484.73    27.5859    27.5870 0.0000e+00
    510.000     6.3733     6.3831   3.502406   3.503336     1.9216     0.0322     0.1935    35.0945 -1.346e-02     0.1030    505.487    35.0955    35.0958     4.5701    1484.72    27.5856    27.5846 0.0000e+00
    509.000     6.3787     6.3829   3.502773   3.503429     1.9213     0.0262     0.1942    35.0936 9.6012e-02     0.0929    504.497    35.0946    35.0975     4.5695    1484.72    27.5842    27.5860 0.0000e+00
    508.000     6.3918     6.3936   3.504004   3.504343     1.9214     0.0326     0.1983    35.0941 2.3195e-01     0.0964    503.507    35.0954    35.0973     4.5650    1484.76    27.5831    27.5844 0.0000e+00
    507.000     6.3958     6.3977   3.504391   3.504713     1.9206     0.0451     0.1944    35.0949 1.0947e-01     0.1029    502.517    35.0961    35.0977     4.5571    1484.76    27.5831    27.5841 0.0000e+00
    506.000     6.3915     6.3933   3.503965   3.504239     1.9194     0.0361     0.2016    35.0956 1.4797e-01     0.1106    501.527    35.0963    35.0974     4.5590    1484.73    27.5838    27.5845 0.0000e+00
    505.000     6.4140     6.4158   3.506068   3.506341     1.9152     0.0333     0.1939    35.0969 1.0961e-01     0.1004    500.537    35.0971    35.0983     4.5413    1484.80    27.5814    27.5822 0.0000e+00
    504.000     6.4285     6.4270   3.507389   3.507354     1.9141     0.0443     0.1895    35.0971 -3.991e-03     0.1069    499.547    35.0974    35.0986     4.5407    1484.84    27.5798    27.5809 0.0000e+00
    503.000     6.4326     6.4318   3.507711   3.507799     1.9143     0.0106     0.1908    35.0970 0.0000e+00     0.1012    498.557    35.0973    35.0992     4.5360    1484.84    27.5792    27.5807 0.0000e+00
    502.000     6.4344     6.4353   3.507861   3.508065     1.9139     0.0308     0.1945    35.0973 1.2521e-01     0.0977    497.567    35.0976    35.0991     4.5341    1484.83    27.5792    27.5802 0.0000e+00
    501.000     6.4387     6.4395   3.508206   3.508452     1.9140     0.0430     0.1979    35.0971 2.5964e-03     0.1082    496.577    35.0976    35.0995     4.5331    1484.83    27.5785    27.5800 0.0000e+00
    500.000     6.4430     6.4445   3.508584   3.508861     1.9135     0.0461     0.2019    35.0974 0.0000e+00     0.1094    495.587    35.0979    35.0994     4.5294    1484.83    27.5782    27.5792 0.0000e+00
