05_ctd/ctd_files/ar43_003.cnv
* Sea-Bird SBE 9 Data File:
* FileName = D:\Data\AR43_003.hex
* Software Version Seasave V 7.26.7.121
* Temperature SN = 4252
* Conductivity SN = 1860
* Number of Bytes Per Scan = 40
* Number of Voltage Words = 5
* Number of Scans Averaged by the Deck Unit = 1
* NMEA Latitude = 39 37.01 N
* NMEA Longitude = 070 53.32 W
* NMEA UTC (Time) = Mar 12 2020  22:59:55
** Cruise ID: AR43
** Chief Sci:
** Station #:
** Site ID:
# nquan = 19
# nvalues = 2021                        
# units = specified
# name 0 = prDM: Pressure, Digiquartz [db]
# name 1 = t090C: Temperature [ITS-90, deg C]
# name 2 = t190C: Temperature, 2 [ITS-90, deg C]
# name 3 = c0S/m: Conductivity [S/m]
# name 4 = c1S/m: Conductivity, 2 [S/m]
# name 5 = sbeox0V: Oxygen raw, SBE 43 [V]
# name 6 = flECO-AFL: Fluorescence, WET Labs ECO-AFL/FL [mg/m^3]
# name 7 = turbWETntu0: Turbidity, WET Labs ECO [NTU]
# name 8 = sal00: Salinity, Practical [PSU]
# name 9 = spar: SPAR, Biospherical/Licor
# name 10 = v6: Voltage 6
# name 11 = depSM: Depth [salt water, m], lat = 39.6168
# name 12 = sal00: Salinity, Practical [PSU]
# name 13 = sal11: Salinity, Practical, 2 [PSU]
# name 14 = sbeox0ML/L: Oxygen, SBE 43 [ml/l], WS = 2
# name 15 = svCM: Sound Velocity [Chen-Millero, m/s]
# name 16 = sigma-é00: Density [sigma-theta, kg/m^3]
# name 17 = sigma-é11: Density, 2 [sigma-theta, kg/m^3]
# name 18 = flag: flag
# span 0 =      2.000,   1012.000       
# span 1 =     4.3843,    13.9918       
# span 2 =     4.3855,    13.9924       
# span 3 =   3.332683,   4.267254       
# span 4 =   3.332788,   4.267385       
# span 5 =     1.5244,     2.7913       
# span 6 =    -0.0018,     1.8016       
# span 7 =     0.1755,     0.2770       
# span 8 =    34.9726,    35.6704       
# span 9 = -6.900e-02, 9.3827e-01       
# span 10 =     0.0721,     0.1133      
# span 11 =      1.985,   1001.840      
# span 12 =    34.9727,    35.6652      
# span 13 =    34.9733,    35.6700      
# span 14 =     2.8736,     5.8634      
# span 15 =    1481.96,    1506.03      
# span 16 =    26.5755,    27.7324      
# span 17 =    26.5763,    27.7329      
# span 18 = 0.0000e+00, 0.0000e+00      
# interval = decibars: 1                
# start_time = Mar 12 2020 22:59:55 [NMEA time, header]
# bad_flag = -9.990e-29
*END*
[from data line 610]
    612.000     5.4623     5.4635   3.419667   3.419770     2.0283     0.0083     0.1995    35.0530 4.3838e-01     0.0979    606.436    35.0512    35.0512     5.1069    1482.72    27.6669    27.6668 0.0000e+00
    613.000     5.4564     5.4583   3.419098   3.419277     2.0293     0.0386     0.1877    35.0522 9.7459e-02     0.0965    607.425    35.0504    35.0504     5.1116    1482.71    27.6671    27.6669 0.0000e+00
    614.000     5.4522     5.4535   3.418764   3.418885     2.0298     0.0256     0.1790    35.0520 3.2005e-01     0.0987    608.415    35.0503    35.0504     5.1090    1482.71    27.6675    27.6674 0.0000e+00
    615.000     5.4488     5.4500   3.418469   3.418582     2.0298     0.0326     0.1833    35.0516 2.0848e-01     0.0966    609.404    35.0500    35.0501     5.1105    1482.72    27.6677    27.6676 0.0000e+00
    616.000     5.4463     5.4474   3.418268   3.418390     2.0301     0.0328     0.1857    35.0513 6.1868e-01     0.1084    610.394    35.0498    35.0500     5.1131    1482.72    27.6679    27.6679 0.0000e+00
    617.000     5.4436     5.4451   3.418047   3.418188     2.0302     0.0289     0.1848    35.0511 2.0929e-01     0.1111    611.383    35.0496    35.0497     5.1128    1482.73    27.6681    27.6679 0.0000e+00
    618.000     5.4417     5.4429   3.417922   3.418029     2.0303     0.0309     0.1853    35.0509 4.4364e-01     0.1099    612.372    35.0496    35.0497     5.1154    1482.74    27.6683    27.6682 0.0000e+00
    619.000     5.4394     5.4411   3.417709   3.417863     2.0307     0.0399     0.1887    35.0503 1.0735e-01     0.0992    613.362    35.0491    35.0491     5.1182    1482.74    27.6682    27.6680 0.0000e+00
    620.000     5.4199     5.4212   3.415796   3.415911     2.0310     0.0401     0.1852    35.0486 1.3146e-01     0.0912    614.351    35.0470    35.0469     5.1229    1482.68    27.6689    27.6686 0.0000e+00
    621.000     5.4069     5.4078   3.414584   3.414672     2.0319     0.0339     0.1844    35.0479 3.0068e-01     0.0991    615.341    35.0462    35.0463     5.1311    1482.64    27.6698    27.6698 0.0000e+00
    622.000     5.4022     5.4035   3.414171   3.414290     2.0331     0.0274     0.1812    35.0473 6.2548e-01     0.1032    616.330    35.0458    35.0459     5.1361    1482.64    27.6701    27.6700 0.0000e+00
    623.000     5.3969     5.3978   3.413680   3.413771     2.0337     0.0297     0.1825    35.0466 5.3282e-01     0.0992    617.319    35.0452    35.0453     5.1380    1482.63    27.6702    27.6702 0.0000e+00
    624.000     5.3882     5.3894   3.412842   3.412942     2.0341     0.0269     0.1834    35.0457 2.7941e-01     0.0984    618.309    35.0442    35.0441     5.1422    1482.61    27.6705    27.6703 0.0000e+00
    625.000     5.3752     5.3759   3.411590   3.411649     2.0345     0.0404     0.1814    35.0447 4.8486e-01     0.1002    619.298    35.0429    35.0428     5.1489    1482.58    27.6711    27.6709 0.0000e+00
    626.000     5.3338     5.3409   3.407243   3.407953     2.0352     0.0431     0.1793    35.0386 4.4907e-01     0.1017    620.288    35.0357    35.0365     5.1629    1482.42    27.6703    27.6701 0.0000e+00
    627.000     5.3169     5.3186   3.405792   3.405871     2.0366     0.0474     0.1763    35.0394 2.6661e-01     0.1038    621.277    35.0362    35.0353     5.1760    1482.36    27.6728    27.6718 0.0000e+00
    628.000     5.3131     5.3142   3.405406   3.405525     2.0389     0.0265     0.1829    35.0380 4.2213e-01     0.1007    622.266    35.0352    35.0354     5.1846    1482.36    27.6724    27.6724 0.0000e+00
    629.000     5.2990     5.3017   3.404001   3.404269     2.0417     0.0449     0.1870    35.0360 1.9783e-01     0.0986    623.256    35.0333    35.0335     5.1923    1482.32    27.6726    27.6724 0.0000e+00
    630.000     5.2831     5.2869   3.402374   3.402715     2.0436     0.0354     0.1913    35.0334 3.4955e-01     0.0997    624.245    35.0307    35.0307     5.1973    1482.27    27.6724    27.6720 0.0000e+00
    631.000     5.2696     5.2739   3.401024   3.401449     2.0446     0.0328     0.1874    35.0314 3.8721e-01     0.0926    625.234    35.0287    35.0292     5.1999    1482.23    27.6725    27.6723 0.0000e+00
    632.000     5.2500     5.2513   3.399085   3.399223     2.0456     0.0328     0.1908    35.0293 9.3448e-01     0.0983    626.224    35.0265    35.0267     5.2096    1482.16    27.6731    27.6731 0.0000e+00
    633.000     5.2404     5.2426   3.398164   3.398342     2.0468     0.0328     0.1862    35.0281 2.9508e-01     0.1013    627.213    35.0254    35.0251     5.2131    1482.14    27.6733    27.6728 0.0000e+00
    634.000     5.2305     5.2319   3.397185   3.397301     2.0472     0.0460     0.1883    35.0267 2.5072e-01     0.1117    628.203    35.0240    35.0238     5.2165    1482.12    27.6734    27.6731 0.0000e+00
    635.000     5.2181     5.2182   3.395987   3.395959     2.0480     0.0402     0.1983    35.0255 6.5597e-01     0.0984    629.192    35.0226    35.0222     5.2250    1482.08    27.6738    27.6734 0.0000e+00
    636.000     5.2088     5.2096   3.395138   3.395210     2.0490     0.0363     0.2017    35.0249 3.4941e-01     0.0926    630.181    35.0220    35.0220     5.2321    1482.06    27.6744    27.6743 0.0000e+00
    637.000     5.2037     5.2053   3.394690   3.394822     2.0503     0.0423     0.1833    35.0243 4.6305e-01     0.0925    631.171    35.0217    35.0216     5.2373    1482.05    27.6748    27.6745 0.0000e+00
    638.000     5.2009     5.2023   3.394495   3.394630     2.0520     0.0179     0.1957    35.0242 3.8669e-01     0.0941    632.160    35.0219    35.0219     5.2461    1482.06    27.6752    27.6751 0.0000e+00
    639.000     5.2041     5.2047   3.395050   3.395100     2.0537     0.0182     0.1838    35.0263 4.1595e-01     0.1041    633.149    35.0244    35.0243     5.2478    1482.09    27.6769    27.6768 0.0000e+00
    640.000     5.2056     5.2065   3.395298   3.395391     2.0545     0.0218     0.1883    35.0268 4.6764e-01     0.1055    634.139    35.0252    35.0253     5.2478    1482.11    27.6774    27.6773 0.0000e+00
    641.000     5.2058     5.2068   3.395417   3.395506     2.0553     0.0298     0.1892    35.0272 2.1235e-01     0.0931    635.128    35.0259    35.0258     5.2514    1482.13    27.6779    27.6777 0.0000e+00
    642.000     5.2055     5.2065   3.395469   3.395558     2.0563     0.0270     0.1882    35.0273 3.9014e-01     0.0979    636.117    35.0262    35.0262     5.2533    1482.15    27.6782    27.6781 0.0000e+00
    643.000     5.2052     5.2056   3.395490   3.395539     2.0565     0.0398     0.1863    35.0272 4.4969e-01     0.0957    637.107    35.0263    35.0264     5.2496    1482.16    27.6783    27.6784 0.0000e+00
    644.000     5.2040     5.2049   3.395425   3.395514     2.0563     0.0244     0.1840    35.0271 2.4589e-01     0.1026    638.096    35.0262    35.0264     5.2533    1482.18    27.6784    27.6784 0.0000e+00
    645.000     5.2044     5.2054   3.395535   3.395632     2.0568     0.0189     0.1828    35.0274 2.6470e-01     0.1032    639.085    35.0266    35.0267     5.2562    1482.19    27.6787    27.6786 0.0000e+00
    646.000     5.2047     5.2057   3.395629   3.395720     2.0568     0.0189     0.1814    35.0275 2.3617e-01     0.1031    640.074    35.0268    35.0269     5.2542    1482.21    27.6788    27.6787 0.0000e+00
    647.000     5.2045     5.2051   3.395631   3.395686     2.0568     0.0325     0.1831    35.0272 8.3666e-02     0.0963    641.064    35.0266    35.0266     5.2570    1482.23    27.6787    27.6786 0.0000e+00
    648.000     5.2060     5.2068   3.395856   3.395940     2.0576     0.0292     0.1863    35.0276 3.8445e-01     0.1017    642.053    35.0271    35.0272     5.2602    1482.25    27.6789    27.6789 0.0000e+00
    649.000     5.2063     5.2071   3.395951   3.396030     2.0575     0.0202     0.1875    35.0278 6.9160e-01     0.1029    643.042    35.0274    35.0274     5.2547    1482.27    27.6791    27.6790 0.0000e+00
    650.000     5.2074     5.2084   3.396125   3.396218     2.0571     0.0308     0.1863    35.0280 2.5928e-01     0.1050    644.032    35.0277    35.0278     5.2540    1482.29    27.6792    27.6792 0.0000e+00
    651.000     5.2087     5.2097   3.396332   3.396419     2.0568     0.0365     0.1856    35.0285 5.0073e-01     0.0954    645.021    35.0282    35.0282     5.2556    1482.31    27.6795    27.6794 0.0000e+00
    652.000     5.2055     5.2066   3.396060   3.396155     2.0568     0.0182     0.1838    35.0283 3.5516e-01     0.0946    646.010    35.0280    35.0279     5.2564    1482.32    27.6797    27.6795 0.0000e+00
    653.000     5.1997     5.2004   3.395555   3.395622     2.0564     0.0318     0.1946    35.0281 3.3331e-01     0.0950    646.999    35.0277    35.0278     5.2532    1482.31    27.6802    27.6801 0.0000e+00
    654.000     5.1982     5.1991   3.395497   3.395591     2.0557     0.0356     0.1894    35.0285 5.7882e-01     0.0979    647.989    35.0281    35.0282     5.2559    1482.32    27.6807    27.6807 0.0000e+00
    655.000     5.1971     5.1981   3.395449   3.395551     2.0559     0.0402     0.1885    35.0285 2.6519e-01     0.1079    648.978    35.0282    35.0283     5.2599    1482.33    27.6809    27.6808 0.0000e+00
    656.000     5.1947     5.1957   3.395266   3.395370     2.0562     0.0339     0.1872    35.0285 2.2448e-01     0.1006    649.967    35.0281    35.0282     5.2641    1482.34    27.6811    27.6810 0.0000e+00
    657.000     5.1935     5.1946   3.395200   3.395309     2.0569     0.0262     0.1836    35.0285 1.3844e-01     0.0889    650.956    35.0281    35.0282     5.2668    1482.35    27.6812    27.6812 0.0000e+00
    658.000     5.1924     5.1933   3.395174   3.395275     2.0569     0.0479     0.1909    35.0288 3.7916e-01     0.0950    651.946    35.0284    35.0286     5.2648    1482.36    27.6817    27.6817 0.0000e+00
    659.000     5.1910     5.1921   3.395077   3.395188     2.0569     0.0271     0.1852    35.0286 2.1163e-01     0.0952    652.935    35.0282    35.0283     5.2673    1482.37    27.6817    27.6816 0.0000e+00
    660.000     5.1861     5.1882   3.394653   3.394859     2.0572     0.0356     0.1899    35.0284 3.1453e-01     0.1026    653.924    35.0279    35.0281     5.2682    1482.37    27.6820    27.6819 0.0000e+00
    661.000     5.1719     5.1739   3.393312   3.393516     2.0577     0.0497     0.1818    35.0276 2.6877e-01     0.0961    654.913    35.0268    35.0271     5.2767    1482.33    27.6829    27.6828 0.0000e+00
    662.000     5.1598     5.1610   3.392190   3.392310     2.0587     0.0327     0.1894    35.0271 6.0178e-01     0.0965    655.902    35.0261    35.0262     5.2876    1482.29    27.6837    27.6836 0.0000e+00
    663.000     5.1584     5.1594   3.392104   3.392199     2.0595     0.0195     0.1896    35.0270 3.6940e-01     0.0952    656.892    35.0261    35.0261     5.2893    1482.30    27.6838    27.6837 0.0000e+00
    664.000     5.1585     5.1596   3.392167   3.392276     2.0601     0.0135     0.1888    35.0270 3.7454e-01     0.0952    657.881    35.0261    35.0262     5.2889    1482.32    27.6839    27.6839 0.0000e+00
    665.000     5.1563     5.1570   3.391964   3.392013     2.0605     0.0322     0.1888    35.0264 3.7454e-01     0.0952    658.870    35.0255    35.0255     5.2877    1482.33    27.6837    27.6836 0.0000e+00
    666.000     5.1420     5.1428   3.390552   3.390621     2.0605     0.0272     0.1868    35.0249 1.0274e-01     0.0988    659.859    35.0238    35.0237     5.2926    1482.28    27.6840    27.6839 0.0000e+00
    667.000     5.1349     5.1358   3.389911   3.389998     2.0612     0.0255     0.1842    35.0246 2.7931e-01     0.0999    660.849    35.0233    35.0234     5.2996    1482.27    27.6845    27.6844 0.0000e+00
    668.000     5.1337     5.1346   3.389825   3.389918     2.0619     0.0414     0.1854    35.0241 1.5228e-01     0.0968    661.838    35.0231    35.0232     5.3010    1482.28    27.6844    27.6844 0.0000e+00
    669.000     5.1325     5.1335   3.389760   3.389858     2.0629     0.0075     0.1855    35.0239 3.6304e-01     0.0983    662.827    35.0230    35.0232     5.3043    1482.29    27.6845    27.6845 0.0000e+00
    670.000     5.1317     5.1327   3.389745   3.389851     2.0632     0.0176     0.1875    35.0240 4.2697e-01     0.0980    663.816    35.0232    35.0233     5.3031    1482.31    27.6848    27.6847 0.0000e+00
    671.000     5.1321     5.1330   3.389841   3.389921     2.0632     0.0254     0.1876    35.0241 3.9696e-01     0.1061    664.805    35.0234    35.0234     5.3027    1482.33    27.6849    27.6848 0.0000e+00
    672.000     5.1312     5.1319   3.389788   3.389861     2.0631     0.0255     0.1959    35.0238 6.5901e-01     0.1044    665.794    35.0232    35.0233     5.3047    1482.34    27.6848    27.6848 0.0000e+00
    673.000     5.1303     5.1313   3.389752   3.389851     2.0635     0.0255     0.1863    35.0238 4.9984e-01     0.1024    666.784    35.0232    35.0233     5.3092    1482.35    27.6849    27.6849 0.0000e+00
    674.000     5.1301     5.1312   3.389774   3.389892     2.0639     0.0255     0.1824    35.0237 2.6244e-01     0.1047    667.773    35.0232    35.0233     5.3092    1482.37    27.6850    27.6850 0.0000e+00
    675.000     5.1273     5.1290   3.389545   3.389708     2.0638     0.0205     0.1828    35.0235 6.3082e-01     0.0891    668.762    35.0230    35.0231     5.3070    1482.37    27.6852    27.6851 0.0000e+00
    676.000     5.1266     5.1271   3.389526   3.389582     2.0635     0.0193     0.1792    35.0234 3.4317e-01     0.0939    669.751    35.0230    35.0231     5.3046    1482.39    27.6852    27.6853 0.0000e+00
    677.000     5.1258     5.1268   3.389490   3.389588     2.0632     0.0406     0.1836    35.0233 4.9180e-01     0.1040    670.740    35.0228    35.0230     5.3067    1482.40    27.6853    27.6853 0.0000e+00
    678.000     5.1253     5.1256   3.389496   3.389543     2.0630     0.0331     0.1832    35.0234 3.0434e-01     0.1014    671.729    35.0230    35.0231     5.3082    1482.41    27.6854    27.6855 0.0000e+00
    679.000     5.1244     5.1252   3.389438   3.389518     2.0632     0.0516     0.1837    35.0231 4.4439e-01     0.0996    672.718    35.0227    35.0227     5.3095    1482.43    27.6853    27.6853 0.0000e+00
    680.000     5.1251     5.1245   3.389557   3.389499     2.0631     0.0405     0.1851    35.0232 3.2519e-01     0.0985    673.708    35.0229    35.0228     5.3093    1482.45    27.6854    27.6854 0.0000e+00
    681.000     5.1235     5.1242   3.389432   3.389525     2.0631     0.0285     0.1863    35.0229 1.7572e-01     0.0964    674.697    35.0226    35.0229     5.3104    1482.46    27.6854    27.6855 0.0000e+00
    682.000     5.1234     5.1244   3.389474   3.389560     2.0630     0.0358     0.1827    35.0229 4.9843e-01     0.0950    675.686    35.0226    35.0226     5.3106    1482.47    27.6854    27.6853 0.0000e+00
    683.000     5.1127     5.1131   3.388552   3.388615     2.0630     0.0450     0.1849    35.0233 4.9173e-01     0.1008    676.675    35.0227    35.0230     5.3144    1482.44    27.6868    27.6869 0.0000e+00
    684.000     5.1090     5.1097   3.388309   3.388387     2.0635     0.0328     0.1827    35.0238 3.2124e-01     0.1031    677.664    35.0232    35.0234     5.3212    1482.45    27.6876    27.6876 0.0000e+00
    685.000     5.1076     5.1080   3.388241   3.388309     2.0643     0.0328     0.1815    35.0239 3.5610e-01     0.1005    678.653    35.0234    35.0238     5.3242    1482.46    27.6879    27.6882 0.0000e+00
    686.000     5.1065     5.1073   3.388191   3.388261     2.0645     0.0328     0.1863    35.0240 2.4975e-01     0.0867    679.642    35.0235    35.0235     5.3239    1482.47    27.6881    27.6880 0.0000e+00
