05_ctd/ctd_files/ar43_001.cnv
* Sea-Bird SBE 9 Data File:
* FileName = D:\Data\AR43_001.hex
* Software Version Seasave V 7.26.7.121
* Temperature SN = 4252
* Conductivity SN = 1860
* Number of Bytes Per Scan = 40
* Number of Voltage Words = 5
* Number of Scans Averaged by the Deck Unit = 1
* NMEA Latitude = 39 37.41 N
* NMEA Longitude = 070 53.14 W
* NMEA UTC (Time) = Mar 12 2020  01:22:57
** Cruise ID: AR43
** Chief Sci:
** Station #:
** Site ID:
# nquan = 19
# nvalues = 2021                        
# units = specified
# name 0 = prDM: Pressure, Digiquartz [db]
# name 1 = t090C: Temperature [ITS-90, deg C]
# name 2 = t190C: Temperature, 2 [ITS-90, deg C]
# name 3 = c0S/m: Conductivity [S/m]
# name 4 = c1S/m: Conductivity, 2 [S/m]
# name 5 = sbeox0V: Oxygen raw, SBE 43 [V]
# name 6 = flECO-AFL: Fluorescence, WET Labs ECO-AFL/FL [mg/m^3]
# name 7 = turbWETntu0: Turbidity, WET Labs ECO [NTU]
# name 8 = sal00: Salinity, Practical [PSU]
# name 9 = spar: SPAR, Biospherical/Licor
# name 10 = v6: Voltage 6
# name 11 = depSM: Depth [salt water, m], lat = 39.6235
# name 12 = sal00: Salinity, Practical [PSU]
# name 13 = sal11: Salinity, Practical, 2 [PSU]
# name 14 = sbeox0ML/L: Oxygen, SBE 43 [ml/l], WS = 2
# name 15 = svCM: Sound Velocity [Chen-Millero, m/s]
# name 16 = sigma-é00: Density [sigma-theta, kg/m^3]
# name 17 = sigma-é11: Density, 2 [sigma-theta, kg/m^3]
# name 18 = flag: flag
# span 0 =      2.000,   1012.000       
# span 1 =     4.4055,    14.0249       
# span 2 =     4.4062,    14.0262       
# span 3 =   3.334672,   4.267372       
# span 4 =   3.334724,   4.267644       
# span 5 =     1.5865,     2.7730       
# span 6 =    -0.0023,     1.6794       
# span 7 =     0.1786,     0.3962       
# span 8 =    34.9736,    35.7521       
# span 9 = -3.688e-02, 1.1555e+00       
# span 10 =     0.0747,     0.1170      
# span 11 =      1.985,   1001.839      
# span 12 =    34.9736,    35.7508      
# span 13 =    34.9742,    35.7473      
# span 14 =     2.7830,     5.8191      
# span 15 =    1482.20,    1505.88      
# span 16 =    26.5586,    27.7309      
# span 17 =    26.5595,    27.7311      
# span 18 = 0.0000e+00, 0.0000e+00      
# interval = decibars: 1                
# start_time = Mar 12 2020 01:22:57 [NMEA time, header]
# bad_flag = -9.990e-29
*END*
[from data line 1372]
    650.000     5.4189     5.4239   3.416686   3.417372     2.0328     0.0351     0.1986    35.0418 2.4195e-01     0.1025    644.031    35.0431    35.0457     5.1392    1483.16    27.6662    27.6677 0.0000e+00
    649.000     5.4271     5.4237   3.417401   3.417335     2.0319     0.0367     0.1936    35.0420 1.6029e-01     0.1001    643.042    35.0432    35.0459     5.1348    1483.18    27.6653    27.6679 0.0000e+00
    648.000     5.4358     5.4277   3.418300   3.417702     2.0309     0.0328     0.1918    35.0437 2.3224e-01     0.1044    642.053    35.0450    35.0465     5.1290    1483.20    27.6657    27.6678 0.0000e+00
    647.000     5.4417     5.4365   3.418864   3.418420     2.0299     0.0099     0.1936    35.0445 1.8024e-01     0.0996    641.063    35.0458    35.0460     5.1283    1483.21    27.6656    27.6664 0.0000e+00
    646.000     5.4468     5.4464   3.419374   3.419513     2.0299     0.0084     0.1910    35.0455 5.6225e-04     0.1050    640.074    35.0468    35.0487     5.1275    1483.22    27.6657    27.6673 0.0000e+00
    645.000     5.4542     5.4549   3.420069   3.420290     2.0294     0.0288     0.1924    35.0462 0.0000e+00     0.1049    639.085    35.0476    35.0494     5.1207    1483.23    27.6654    27.6668 0.0000e+00
    644.000     5.4577     5.4624   3.420365   3.420939     2.0286     0.0333     0.1924    35.0465 9.4987e-02     0.1039    638.095    35.0478    35.0494     5.1178    1483.23    27.6652    27.6659 0.0000e+00
    643.000     5.4607     5.4641   3.420611   3.421083     2.0284     0.0301     0.1936    35.0467 2.7430e-03     0.1038    637.106    35.0480    35.0498     5.1173    1483.22    27.6649    27.6660 0.0000e+00
    642.000     5.4661     5.4687   3.421144   3.421487     2.0279     0.0374     0.1979    35.0477 2.3560e-01     0.1014    636.117    35.0490    35.0501     5.1140    1483.23    27.6651    27.6657 0.0000e+00
    641.000     5.4730     5.4725   3.421736   3.421835     2.0275     0.0249     0.1937    35.0478 1.4270e-03     0.0973    635.128    35.0491    35.0507     5.1105    1483.24    27.6643    27.6657 0.0000e+00
    640.000     5.4750     5.4751   3.421968   3.422036     2.0266     0.0478     0.1982    35.0490 0.0000e+00     0.1022    634.138    35.0501    35.0508     5.1058    1483.23    27.6649    27.6654 0.0000e+00
    639.000     5.4768     5.4681   3.422078   3.421358     2.0262     0.0343     0.1967    35.0490 3.9945e-01     0.0999    633.149    35.0500    35.0508     5.1095    1483.22    27.6645    27.6662 0.0000e+00
    638.000     5.4803     5.4778   3.422343   3.422226     2.0263     0.0555     0.2011    35.0490 -2.239e-02     0.1014    632.160    35.0499    35.0512     5.1081    1483.22    27.6640    27.6654 0.0000e+00
    637.000     5.4878     5.4839   3.423047   3.422866     2.0263     0.0454     0.1915    35.0496 0.0000e+00     0.1002    631.170    35.0507    35.0526     5.1063    1483.24    27.6637    27.6657 0.0000e+00
    636.000     5.4914     5.4930   3.423360   3.423635     2.0263     0.0402     0.1864    35.0499 0.0000e+00     0.1001    630.181    35.0510    35.0525     5.1041    1483.23    27.6636    27.6646 0.0000e+00
    635.000     5.4936     5.4940   3.423526   3.423691     2.0263     0.0223     0.1863    35.0500 0.0000e+00     0.0992    629.192    35.0511    35.0525     5.1030    1483.23    27.6634    27.6644 0.0000e+00
    634.000     5.4951     5.4961   3.423650   3.423846     2.0261     0.0183     0.1865    35.0504 1.5495e-01     0.0989    628.202    35.0514    35.0527     5.0981    1483.22    27.6634    27.6643 0.0000e+00
    633.000     5.4957     5.4958   3.423701   3.423772     2.0254     0.0196     0.1913    35.0509 8.6612e-02     0.1058    627.213    35.0519    35.0526     5.0938    1483.20    27.6637    27.6643 0.0000e+00
    632.000     5.4938     5.4934   3.423428   3.423483     2.0232     0.0411     0.1951    35.0508 9.2320e-02     0.0967    626.224    35.0513    35.0524     5.0909    1483.18    27.6634    27.6644 0.0000e+00
    631.000     5.4943     5.4948   3.423443   3.423573     2.0233     0.0393     0.1986    35.0509 -9.759e-04     0.0979    625.234    35.0514    35.0524     5.0917    1483.16    27.6635    27.6642 0.0000e+00
    630.000     5.4982     5.4970   3.423707   3.423737     2.0235     0.0463     0.2004    35.0503 0.0000e+00     0.0989    624.245    35.0509    35.0525     5.0927    1483.16    27.6626    27.6640 0.0000e+00
    629.000     5.5010     5.5018   3.423873   3.424047     2.0236     0.0459     0.2001    35.0498 1.5573e-01     0.0960    623.255    35.0504    35.0516     5.0924    1483.16    27.6618    27.6627 0.0000e+00
    628.000     5.5049     5.5055   3.424169   3.424351     2.0238     0.0332     0.1962    35.0495 4.7344e-01     0.0953    622.266    35.0502    35.0517     5.0894    1483.16    27.6612    27.6623 0.0000e+00
    627.000     5.5098     5.5147   3.424552   3.425199     2.0237     0.0292     0.1998    35.0492 2.5318e-01     0.1007    621.277    35.0500    35.0523     5.0841    1483.16    27.6604    27.6617 0.0000e+00
    626.000     5.5158     5.5229   3.425136   3.425881     2.0229     0.0350     0.1987    35.0501 8.6248e-02     0.1029    620.287    35.0509    35.0521     5.0794    1483.17    27.6604    27.6605 0.0000e+00
    625.000     5.5227     5.5176   3.425728   3.425284     2.0225     0.0384     0.1918    35.0502 -7.825e-04     0.1046    619.298    35.0511    35.0513     5.0778    1483.18    27.6597    27.6605 0.0000e+00
    624.000     5.5307     5.5307   3.426452   3.426538     2.0217     0.0358     0.1911    35.0505 2.4012e-01     0.1023    618.308    35.0515    35.0525     5.0731    1483.20    27.6590    27.6598 0.0000e+00
    623.000     5.5349     5.5330   3.426755   3.426712     2.0214     0.0285     0.1971    35.0502 5.0955e-02     0.1055    617.319    35.0510    35.0525     5.0750    1483.20    27.6581    27.6595 0.0000e+00
    622.000     5.5364     5.5319   3.426888   3.426557     2.0216     0.0441     0.1967    35.0507 -2.314e-03     0.1069    616.330    35.0515    35.0524     5.0740    1483.19    27.6583    27.6596 0.0000e+00
    621.000     5.5508     5.5490   3.428114   3.428225     2.0214     0.0424     0.1961    35.0499 0.0000e+00     0.1050    615.340    35.0510    35.0542     5.0700    1483.23    27.6562    27.6589 0.0000e+00
    620.000     5.5548     5.5572   3.428475   3.428860     2.0214     0.0331     0.1961    35.0504 1.2775e-01     0.1044    614.351    35.0515    35.0534     5.0676    1483.23    27.6561    27.6573 0.0000e+00
    619.000     5.5587     5.5605   3.428782   3.429094     2.0210     0.0391     0.1982    35.0503 1.1338e-01     0.1043    613.361    35.0514    35.0531     5.0614    1483.23    27.6555    27.6566 0.0000e+00
    618.000     5.5610     5.5627   3.428965   3.429235     2.0201     0.0286     0.1924    35.0506 8.0974e-02     0.1045    612.372    35.0517    35.0530     5.0572    1483.22    27.6554    27.6563 0.0000e+00
    617.000     5.5619     5.5629   3.429000   3.429199     2.0193     0.0249     0.2025    35.0507 1.7501e-01     0.0971    611.383    35.0516    35.0529     5.0554    1483.21    27.6552    27.6561 0.0000e+00
    616.000     5.5619     5.5627   3.428955   3.429118     2.0189     0.0252     0.1960    35.0508 2.8351e-01     0.1015    610.393    35.0516    35.0526     5.0556    1483.19    27.6552    27.6559 0.0000e+00
    615.000     5.5620     5.5618   3.428894   3.428989     2.0186     0.0255     0.2006    35.0507 2.3622e-01     0.1026    609.404    35.0514    35.0527     5.0522    1483.17    27.6550    27.6561 0.0000e+00
    614.000     5.5618     5.5626   3.428828   3.428998     2.0180     0.0305     0.1975    35.0507 1.1418e-01     0.1026    608.414    35.0513    35.0524     5.0483    1483.16    27.6550    27.6557 0.0000e+00
    613.000     5.5643     5.5668   3.428998   3.429338     2.0176     0.0367     0.1986    35.0505 3.7720e-01     0.1008    607.425    35.0511    35.0524     5.0493    1483.15    27.6545    27.6552 0.0000e+00
    612.000     5.5744     5.5692   3.429880   3.429554     2.0175     0.0439     0.1995    35.0504 7.8057e-02     0.0996    606.435    35.0512    35.0529     5.0472    1483.17    27.6533    27.6553 0.0000e+00
    611.000     5.5809     5.5754   3.430472   3.430159     2.0167     0.0390     0.1949    35.0508 1.3990e-01     0.1027    605.446    35.0517    35.0539     5.0398    1483.18    27.6529    27.6553 0.0000e+00
    610.000     5.5894     5.5838   3.431305   3.430856     2.0160     0.0251     0.1985    35.0519 2.7102e-01     0.1026    604.456    35.0529    35.0536     5.0367    1483.20    27.6528    27.6541 0.0000e+00
    609.000     5.6038     5.6058   3.432568   3.433172     2.0157     0.0269     0.1890    35.0516 2.2496e-03     0.1046    603.467    35.0528    35.0576     5.0342    1483.24    27.6510    27.6546 0.0000e+00
    608.000     5.6318     5.6383   3.435153   3.436079     2.0151     0.0461     0.1938    35.0518 1.7756e-01     0.1049    602.478    35.0537    35.0575     5.0218    1483.34    27.6483    27.6504 0.0000e+00
    607.000     5.6456     5.6511   3.436630   3.437288     2.0134     0.0334     0.1964    35.0547 9.3444e-02     0.1016    601.488    35.0567    35.0585     5.0076    1483.38    27.6489    27.6496 0.0000e+00
    606.000     5.6487     5.6480   3.436946   3.437035     2.0115     0.0390     0.2009    35.0557 1.3292e-01     0.0990    600.499    35.0576    35.0593     5.0029    1483.38    27.6492    27.6506 0.0000e+00
    605.000     5.6533     5.6543   3.437343   3.437685     2.0108     0.0304     0.1977    35.0560 1.4055e-01     0.1048    599.509    35.0578    35.0606     5.0003    1483.38    27.6488    27.6509 0.0000e+00
    604.000     5.6591     5.6603   3.437893   3.438187     2.0096     0.0244     0.1961    35.0567 -1.397e-03     0.1062    598.520    35.0586    35.0607     4.9937    1483.39    27.6487    27.6502 0.0000e+00
    603.000     5.6603     5.6641   3.437984   3.438472     2.0087     0.0397     0.1986    35.0570 1.3578e-01     0.1039    597.530    35.0588    35.0604     4.9922    1483.38    27.6487    27.6495 0.0000e+00
    602.000     5.6619     5.6607   3.438122   3.438104     2.0071     0.0312     0.1974    35.0579 2.0644e-01     0.1004    596.541    35.0592    35.0602     4.9918    1483.37    27.6488    27.6498 0.0000e+00
    601.000     5.6585     5.6580   3.437703   3.437795     2.0066     0.0329     0.2017    35.0576 2.1417e-01     0.1057    595.551    35.0585    35.0600     4.9957    1483.34    27.6486    27.6499 0.0000e+00
    600.000     5.6700     5.6701   3.438800   3.438953     2.0068     0.0373     0.1978    35.0583 -2.695e-03     0.1038    594.562    35.0595    35.0612     4.9934    1483.37    27.6480    27.6493 0.0000e+00
    599.000     5.6784     5.6795   3.439562   3.439855     2.0067     0.0401     0.1961    35.0587 1.5894e-01     0.1038    593.572    35.0601    35.0622     4.9875    1483.39    27.6474    27.6490 0.0000e+00
    598.000     5.6833     5.6850   3.439999   3.440333     2.0065     0.0343     0.1878    35.0591 9.8227e-03     0.1038    592.583    35.0604    35.0624     4.9831    1483.39    27.6471    27.6484 0.0000e+00
    597.000     5.6875     5.6874   3.440353   3.440507     2.0057     0.0354     0.1864    35.0592 0.0000e+00     0.1075    591.593    35.0606    35.0624     4.9792    1483.39    27.6467    27.6482 0.0000e+00
    596.000     5.6872     5.6871   3.440325   3.440415     2.0055     0.0609     0.1933    35.0598 1.1295e-01     0.1094    590.604    35.0610    35.0622     4.9796    1483.37    27.6470    27.6480 0.0000e+00
    595.000     5.6862     5.6848   3.440195   3.440140     2.0049     0.0364     0.1936    35.0601 1.4813e-01     0.0970    589.614    35.0611    35.0620     4.9785    1483.35    27.6472    27.6481 0.0000e+00
    594.000     5.6868     5.6863   3.440182   3.440216     2.0041     0.0275     0.1912    35.0601 6.4126e-02     0.1010    588.625    35.0609    35.0618     4.9759    1483.34    27.6469    27.6477 0.0000e+00
    593.000     5.6881     5.6881   3.440242   3.440413     2.0043     0.0389     0.1908    35.0599 1.0244e-01     0.1050    587.635    35.0607    35.0626     4.9794    1483.33    27.6466    27.6482 0.0000e+00
    592.000     5.6995     5.7036   3.441391   3.441935     2.0043     0.0330     0.1934    35.0615 3.2917e-03     0.1043    586.645    35.0625    35.0643     4.9753    1483.36    27.6466    27.6476 0.0000e+00
    591.000     5.7139     5.7141   3.442652   3.442880     2.0042     0.0283     0.1974    35.0611 0.0000e+00     0.1032    585.656    35.0624    35.0647     4.9706    1483.40    27.6448    27.6465 0.0000e+00
    590.000     5.7159     5.7162   3.442864   3.443034     2.0038     0.0246     0.2008    35.0619 1.0421e-01     0.0954    584.666    35.0632    35.0647     4.9655    1483.39    27.6451    27.6463 0.0000e+00
    589.000     5.7178     5.7197   3.443034   3.443350     2.0030     0.0331     0.1984    35.0625 3.1108e-03     0.1042    583.677    35.0637    35.0652     4.9618    1483.38    27.6453    27.6463 0.0000e+00
    588.000     5.7259     5.7272   3.443688   3.444005     2.0024     0.0318     0.1910    35.0619 7.5607e-02     0.0998    582.687    35.0631    35.0654     4.9606    1483.40    27.6438    27.6455 0.0000e+00
    587.000     5.7396     5.7510   3.445039   3.446313     2.0022     0.0284     0.1937    35.0635 1.5188e-01     0.1003    581.698    35.0648    35.0675     4.9594    1483.44    27.6435    27.6441 0.0000e+00
    586.000     5.7674     5.8019   3.447685   3.451328     2.0020     0.0509     0.1961    35.0646 2.5039e-01     0.1036    580.708    35.0665    35.0721     4.9524    1483.54    27.6413    27.6414 0.0000e+00
    585.000     5.8072     5.8112   3.451449   3.452455     2.0014     0.0410     0.1961    35.0656 -6.997e-03     0.1000    579.718    35.0685    35.0757     4.9364    1483.68    27.6379    27.6431 0.0000e+00
    584.000     5.8550     5.8541   3.456108   3.456822     1.9998     0.0352     0.1908    35.0682 2.9766e-01     0.1001    578.729    35.0722    35.0813     4.9125    1483.86    27.6348    27.6421 0.0000e+00
    583.000     5.8787     5.8770   3.458673   3.458822     1.9970     0.0390     0.1913    35.0729 -3.619e-03     0.1003    577.739    35.0772    35.0807     4.8897    1483.94    27.6358    27.6388 0.0000e+00
    582.000     5.8869     5.8939   3.459510   3.460359     1.9933     0.0511     0.1975    35.0746 9.9741e-02     0.1013    576.750    35.0787    35.0811     4.8758    1483.96    27.6359    27.6370 0.0000e+00
    581.000     5.8958     5.9013   3.460256   3.461079     1.9895     0.0241     0.1935    35.0746 2.0010e-01     0.1025    575.760    35.0784    35.0821     4.8698    1483.98    27.6346    27.6368 0.0000e+00
    580.000     5.9083     5.9101   3.461494   3.461831     1.9858     0.0287     0.1950    35.0766 6.3473e-02     0.1083    574.771    35.0800    35.0820     4.8637    1484.02    27.6343    27.6356 0.0000e+00
    579.000     5.9087     5.9143   3.461469   3.462189     1.9838     0.0468     0.1907    35.0770 8.6927e-02     0.0987    573.781    35.0799    35.0822     4.8610    1484.00    27.6341    27.6352 0.0000e+00
    578.000     5.9127     5.9192   3.461831   3.462629     1.9821     0.0452     0.1942    35.0777 1.9650e-01     0.0990    572.791    35.0803    35.0825     4.8532    1484.00    27.6339    27.6348 0.0000e+00
    577.000     5.9269     5.9337   3.463071   3.463868     1.9806     0.0533     0.1916    35.0774 9.7050e-02     0.1037    571.802    35.0801    35.0820     4.8472    1484.04    27.6320    27.6326 0.0000e+00
    576.000     5.9377     5.9451   3.463981   3.464907     1.9791     0.0579     0.1911    35.0771 1.9399e-01     0.1029    570.812    35.0797    35.0825     4.8409    1484.07    27.6303    27.6315 0.0000e+00
