05_ctd/ctd_files/ar43_001.cnv
* Sea-Bird SBE 9 Data File:
* FileName = D:\Data\AR43_001.hex
* Software Version Seasave V 7.26.7.121
* Temperature SN = 4252
* Conductivity SN = 1860
* Number of Bytes Per Scan = 40
* Number of Voltage Words = 5
* Number of Scans Averaged by the Deck Unit = 1
* NMEA Latitude = 39 37.41 N
* NMEA Longitude = 070 53.14 W
* NMEA UTC (Time) = Mar 12 2020  01:22:57
** Cruise ID: AR43
** Chief Sci:
** Station #:
** Site ID:
# nquan = 19
# nvalues = 2021                        
# units = specified
# name 0 = prDM: Pressure, Digiquartz [db]
# name 1 = t090C: Temperature [ITS-90, deg C]
# name 2 = t190C: Temperature, 2 [ITS-90, deg C]
# name 3 = c0S/m: Conductivity [S/m]
# name 4 = c1S/m: Conductivity, 2 [S/m]
# name 5 = sbeox0V: Oxygen raw, SBE 43 [V]
# name 6 = flECO-AFL: Fluorescence, WET Labs ECO-AFL/FL [mg/m^3]
# name 7 = turbWETntu0: Turbidity, WET Labs ECO [NTU]
# name 8 = sal00: Salinity, Practical [PSU]
# name 9 = spar: SPAR, Biospherical/Licor
# name 10 = v6: Voltage 6
# name 11 = depSM: Depth [salt water, m], lat = 39.6235
# name 12 = sal00: Salinity, Practical [PSU]
# name 13 = sal11: Salinity, Practical, 2 [PSU]
# name 14 = sbeox0ML/L: Oxygen, SBE 43 [ml/l], WS = 2
# name 15 = svCM: Sound Velocity [Chen-Millero, m/s]
# name 16 = sigma-é00: Density [sigma-theta, kg/m^3]
# name 17 = sigma-é11: Density, 2 [sigma-theta, kg/m^3]
# name 18 = flag: flag
# span 0 =      2.000,   1012.000       
# span 1 =     4.4055,    14.0249       
# span 2 =     4.4062,    14.0262       
# span 3 =   3.334672,   4.267372       
# span 4 =   3.334724,   4.267644       
# span 5 =     1.5865,     2.7730       
# span 6 =    -0.0023,     1.6794       
# span 7 =     0.1786,     0.3962       
# span 8 =    34.9736,    35.7521       
# span 9 = -3.688e-02, 1.1555e+00       
# span 10 =     0.0747,     0.1170      
# span 11 =      1.985,   1001.839      
# span 12 =    34.9736,    35.7508      
# span 13 =    34.9742,    35.7473      
# span 14 =     2.7830,     5.8191      
# span 15 =    1482.20,    1505.88      
# span 16 =    26.5586,    27.7309      
# span 17 =    26.5595,    27.7311      
# span 18 = 0.0000e+00, 0.0000e+00      
# interval = decibars: 1                
# start_time = Mar 12 2020 01:22:57 [NMEA time, header]
# bad_flag = -9.990e-29
*END*
[from data line 762]
    764.000     4.8776     4.8793   3.368711   3.368896     2.0796     0.0299     0.1955    34.9988 2.5752e-01     0.0973    756.778    34.9983    34.9986     5.4646    1482.79    27.6954    27.6954 0.0000e+00
    765.000     4.8754     4.8773   3.368608   3.368740     2.0795     0.0247     0.2012    34.9992 3.2481e-01     0.0998    757.766    34.9988    34.9984     5.4580    1482.80    27.6960    27.6955 0.0000e+00
    766.000     4.8714     4.8745   3.368254   3.368536     2.0795     0.0333     0.2010    34.9989 3.4711e-01     0.1001    758.755    34.9984    34.9984     5.4621    1482.80    27.6962    27.6958 0.0000e+00
    767.000     4.8709     4.8720   3.368254   3.368362     2.0793     0.0150     0.1964    34.9989 1.6926e-01     0.0979    759.744    34.9985    34.9986     5.4624    1482.82    27.6963    27.6963 0.0000e+00
    768.000     4.8686     4.8703   3.368075   3.368217     2.0794     0.0038     0.1937    34.9988 1.7287e-01     0.0965    760.732    34.9983    34.9982     5.4651    1482.82    27.6964    27.6961 0.0000e+00
    769.000     4.8658     4.8674   3.367853   3.367987     2.0794     0.0151     0.1953    34.9987 3.1504e-01     0.0965    761.721    34.9982    34.9980     5.4660    1482.83    27.6966    27.6963 0.0000e+00
    770.000     4.8644     4.8662   3.367746   3.367904     2.0795     0.0213     0.2048    34.9984 3.9208e-01     0.0975    762.710    34.9978    34.9978     5.4671    1482.84    27.6965    27.6963 0.0000e+00
    771.000     4.8670     4.8700   3.368026   3.368310     2.0796     0.0294     0.1937    34.9981 1.6181e-01     0.1035    763.699    34.9979    34.9980     5.4660    1482.87    27.6963    27.6961 0.0000e+00
    772.000     4.8587     4.8596   3.367280   3.367324     2.0791     0.0101     0.1960    34.9979 1.1994e-01     0.1000    764.687    34.9974    34.9969     5.4672    1482.85    27.6968    27.6964 0.0000e+00
    773.000     4.8473     4.8482   3.366259   3.366311     2.0792     0.0305     0.2002    34.9978 -1.931e-03     0.1001    765.676    34.9970    34.9966     5.4721    1482.82    27.6978    27.6975 0.0000e+00
    774.000     4.8420     4.8431   3.365808   3.365891     2.0794     0.0323     0.2010    34.9978 0.0000e+00     0.0949    766.665    34.9969    34.9966     5.4746    1482.81    27.6983    27.6980 0.0000e+00
    775.000     4.8382     4.8394   3.365476   3.365575     2.0794     0.0187     0.2010    34.9974 3.4657e-01     0.0928    767.653    34.9965    34.9964     5.4797    1482.81    27.6985    27.6983 0.0000e+00
    776.000     4.8337     4.8340   3.365078   3.365073     2.0801     0.0182     0.2010    34.9971 1.4283e-03     0.0987    768.642    34.9961    34.9957     5.4873    1482.81    27.6987    27.6983 0.0000e+00
    777.000     4.8314     4.8351   3.364903   3.365240     2.0819     0.0172     0.1959    34.9967 1.2786e-01     0.1018    769.631    34.9959    34.9960     5.4919    1482.82    27.6988    27.6985 0.0000e+00
    778.000     4.8313     4.8348   3.364970   3.365260     2.0828     0.0244     0.1941    34.9969 1.2351e-01     0.0960    770.619    34.9963    34.9960     5.4867    1482.83    27.6991    27.6985 0.0000e+00
    779.000     4.8254     4.8268   3.364441   3.364589     2.0831     0.0181     0.1961    34.9966 1.5013e-01     0.0929    771.608    34.9959    34.9960     5.4908    1482.83    27.6995    27.6995 0.0000e+00
    780.000     4.8240     4.8256   3.364388   3.364521     2.0827     0.0274     0.1992    34.9970 1.8745e-01     0.0928    772.597    34.9962    34.9960     5.4911    1482.84    27.7000    27.6996 0.0000e+00
    781.000     4.8243     4.8252   3.364468   3.364527     2.0828     0.0327     0.2009    34.9970 1.7326e-01     0.1044    773.585    34.9963    34.9960     5.4916    1482.85    27.7000    27.6997 0.0000e+00
    782.000     4.8239     4.8249   3.364470   3.364550     2.0828     0.0417     0.2010    34.9968 7.9016e-03     0.1050    774.574    34.9962    34.9961     5.4935    1482.87    27.6999    27.6998 0.0000e+00
    783.000     4.8239     4.8249   3.364510   3.364595     2.0827     0.0474     0.2010    34.9967 3.1913e-01     0.1041    775.563    34.9961    34.9962     5.4957    1482.89    27.6999    27.6998 0.0000e+00
    784.000     4.8237     4.8249   3.364527   3.364634     2.0832     0.0460     0.1991    34.9966 3.5814e-01     0.1033    776.551    34.9961    34.9961     5.4988    1482.90    27.6999    27.6997 0.0000e+00
    785.000     4.8254     4.8277   3.364719   3.364913     2.0846     0.0441     0.1924    34.9963 2.6753e-01     0.0931    777.540    34.9960    34.9959     5.5015    1482.93    27.6997    27.6993 0.0000e+00
    786.000     4.8242     4.8251   3.364674   3.364769     2.0837     0.0027     0.1935    34.9966 3.3958e-01     0.0992    778.529    34.9963    34.9964     5.4925    1482.94    27.7000    27.7000 0.0000e+00
    787.000     4.8228     4.8240   3.364602   3.364701     2.0832     0.0242     0.1982    34.9966 1.3225e-01     0.1070    779.517    34.9963    34.9963     5.4947    1482.95    27.7002    27.7001 0.0000e+00
    788.000     4.8215     4.8222   3.364531   3.364600     2.0831     0.0319     0.1964    34.9967 3.1173e-01     0.1054    780.506    34.9964    34.9964     5.4971    1482.96    27.7005    27.7004 0.0000e+00
    789.000     4.8209     4.8219   3.364524   3.364620     2.0832     0.0402     0.1936    34.9967 2.0417e-01     0.1001    781.494    34.9964    34.9965     5.4978    1482.97    27.7005    27.7005 0.0000e+00
    790.000     4.8206     4.8215   3.364539   3.364622     2.0829     0.0439     0.1983    34.9967 -3.551e-03     0.0999    782.483    34.9964    34.9964     5.4949    1482.99    27.7006    27.7005 0.0000e+00
    791.000     4.8200     4.8211   3.364518   3.364621     2.0826     0.0473     0.2032    34.9966 2.8754e-01     0.0978    783.472    34.9963    34.9964     5.4945    1483.00    27.7006    27.7005 0.0000e+00
    792.000     4.8186     4.8196   3.364435   3.364527     2.0823     0.0417     0.2074    34.9965 9.7964e-02     0.0919    784.460    34.9962    34.9963     5.5008    1483.01    27.7007    27.7006 0.0000e+00
    793.000     4.8171     4.8194   3.364339   3.364539     2.0828     0.0369     0.1904    34.9965 9.9223e-02     0.1041    785.449    34.9962    34.9962     5.4991    1483.02    27.7009    27.7006 0.0000e+00
    794.000     4.8060     4.8093   3.363355   3.363617     2.0826     0.0328     0.1938    34.9965 1.2501e-01     0.0991    786.437    34.9960    34.9956     5.5037    1482.99    27.7019    27.7012 0.0000e+00
    795.000     4.8057     4.8066   3.363378   3.363453     2.0828     0.0307     0.1965    34.9965 2.6458e-01     0.0949    787.426    34.9960    34.9960     5.5074    1483.01    27.7020    27.7019 0.0000e+00
    796.000     4.8055     4.8068   3.363410   3.363531     2.0831     0.0183     0.1985    34.9965 4.4682e-01     0.0924    788.415    34.9961    34.9961     5.5089    1483.03    27.7021    27.7019 0.0000e+00
    797.000     4.8066     4.8075   3.363546   3.363621     2.0832     0.0050     0.2006    34.9964 1.9931e-01     0.0976    789.403    34.9960    34.9960     5.5076    1483.05    27.7019    27.7018 0.0000e+00
    798.000     4.8054     4.8062   3.363485   3.363559     2.0832     0.0104     0.2055    34.9965 2.7117e-01     0.0953    790.392    34.9961    34.9961     5.5085    1483.06    27.7021    27.7020 0.0000e+00
    799.000     4.8027     4.8041   3.363285   3.363401     2.0832     0.0576     0.1992    34.9965 3.5429e-01     0.1022    791.380    34.9961    34.9960     5.5095    1483.06    27.7024    27.7022 0.0000e+00
    800.000     4.8008     4.8026   3.363142   3.363306     2.0832     0.0443     0.2028    34.9963 3.1078e-03     0.1051    792.369    34.9959    34.9959     5.5105    1483.07    27.7025    27.7023 0.0000e+00
    801.000     4.7990     4.7998   3.363001   3.363053     2.0832     0.0286     0.2047    34.9960 2.9191e-01     0.1075    793.357    34.9956    34.9954     5.5126    1483.08    27.7025    27.7022 0.0000e+00
    802.000     4.7973     4.7982   3.362874   3.362945     2.0834     0.0142     0.1978    34.9959 9.2569e-03     0.0984    794.346    34.9954    34.9953     5.5167    1483.09    27.7026    27.7023 0.0000e+00
    803.000     4.7953     4.7996   3.362709   3.363111     2.0841     0.0381     0.1976    34.9955 1.4656e-01     0.0959    795.335    34.9951    34.9953     5.5186    1483.10    27.7025    27.7022 0.0000e+00
    804.000     4.7887     4.7892   3.362148   3.362184     2.0844     0.0477     0.1997    34.9955 1.9644e-01     0.1039    796.323    34.9950    34.9949     5.5204    1483.09    27.7032    27.7031 0.0000e+00
    805.000     4.7832     4.7833   3.361674   3.361673     2.0844     0.0430     0.1995    34.9954 6.2559e-01     0.1062    797.312    34.9948    34.9947     5.5221    1483.08    27.7037    27.7036 0.0000e+00
    806.000     4.7831     4.7842   3.361727   3.361835     2.0845     0.0328     0.1961    34.9955 1.3918e-01     0.1065    798.300    34.9950    34.9951     5.5240    1483.10    27.7039    27.7038 0.0000e+00
    807.000     4.7835     4.7843   3.361788   3.361862     2.0849     0.0455     0.1980    34.9952 5.4367e-01     0.0910    799.289    34.9948    34.9948     5.5247    1483.12    27.7036    27.7036 0.0000e+00
    808.000     4.7825     4.7827   3.361738   3.361758     2.0847     0.0370     0.2008    34.9952 9.1511e-03     0.0952    800.277    34.9947    34.9947     5.5239    1483.13    27.7037    27.7037 0.0000e+00
    809.000     4.7813     4.7817   3.361662   3.361703     2.0849     0.0283     0.1982    34.9951 9.5964e-02     0.1008    801.266    34.9946    34.9947     5.5297    1483.14    27.7038    27.7038 0.0000e+00
    810.000     4.7797     4.7807   3.361537   3.361656     2.0855     0.0394     0.1910    34.9948 9.3636e-02     0.1038    802.254    34.9943    34.9946     5.5314    1483.15    27.7038    27.7039 0.0000e+00
    811.000     4.7756     4.7784   3.361192   3.361477     2.0856     0.0331     0.1950    34.9945 2.9591e-01     0.1034    803.243    34.9940    34.9945     5.5314    1483.15    27.7040    27.7040 0.0000e+00
    812.000     4.7663     4.7684   3.360347   3.360500     2.0857     0.0129     0.2010    34.9942 9.9928e-02     0.1001    804.231    34.9935    34.9931     5.5343    1483.13    27.7046    27.7041 0.0000e+00
    813.000     4.7669     4.7680   3.360438   3.360554     2.0859     0.0299     0.2019    34.9940 7.4223e-02     0.1000    805.220    34.9935    34.9936     5.5379    1483.15    27.7045    27.7045 0.0000e+00
    814.000     4.7685     4.7685   3.360636   3.360646     2.0865     0.0410     0.1945    34.9939 9.7748e-02     0.0982    806.208    34.9935    34.9936     5.5345    1483.17    27.7044    27.7045 0.0000e+00
    815.000     4.7652     4.7687   3.360367   3.360702     2.0858     0.0370     0.1997    34.9938 2.8562e-01     0.1028    807.197    34.9934    34.9936     5.5338    1483.17    27.7047    27.7045 0.0000e+00
    816.000     4.7622     4.7628   3.360119   3.360150     2.0858     0.0240     0.2039    34.9936 3.9494e-01     0.1044    808.185    34.9931    34.9929     5.5367    1483.18    27.7048    27.7046 0.0000e+00
    817.000     4.7587     4.7598   3.359821   3.359927     2.0859     0.0176     0.2060    34.9934 1.6593e-01     0.1051    809.174    34.9929    34.9929     5.5379    1483.18    27.7050    27.7049 0.0000e+00
    818.000     4.7555     4.7571   3.359553   3.359693     2.0858     0.0347     0.1972    34.9931 1.4756e-01     0.0968    810.162    34.9925    34.9925     5.5388    1483.18    27.7051    27.7049 0.0000e+00
    819.000     4.7501     4.7513   3.359070   3.359173     2.0858     0.0479     0.1905    34.9928 -4.327e-03     0.0927    811.151    34.9921    34.9920     5.5413    1483.17    27.7054    27.7052 0.0000e+00
    820.000     4.7491     4.7500   3.359024   3.359106     2.0859     0.0475     0.1955    34.9928 2.4017e-01     0.0968    812.139    34.9921    34.9921     5.5455    1483.19    27.7055    27.7054 0.0000e+00
    821.000     4.7474     4.7484   3.358901   3.358986     2.0865     0.0369     0.1961    34.9926 4.0767e-01     0.0991    813.128    34.9919    34.9919     5.5502    1483.20    27.7056    27.7054 0.0000e+00
    822.000     4.7467     4.7476   3.358865   3.358951     2.0872     0.0411     0.1961    34.9923 3.9902e-01     0.1027    814.116    34.9918    34.9918     5.5520    1483.21    27.7056    27.7055 0.0000e+00
    823.000     4.7462     4.7471   3.358871   3.358959     2.0877     0.0387     0.1978    34.9923 2.6649e-01     0.1033    815.105    34.9918    34.9919     5.5496    1483.22    27.7057    27.7056 0.0000e+00
    824.000     4.7456     4.7463   3.358861   3.358954     2.0872     0.0478     0.1935    34.9923 9.6100e-02     0.0983    816.093    34.9919    34.9922     5.5470    1483.24    27.7058    27.7059 0.0000e+00
    825.000     4.7448     4.7459   3.358839   3.358945     2.0870     0.0404     0.1960    34.9923 3.5875e-01     0.0973    817.082    34.9919    34.9921     5.5465    1483.25    27.7059    27.7059 0.0000e+00
    826.000     4.7428     4.7438   3.358683   3.358781     2.0866     0.0363     0.2003    34.9922 9.8224e-04     0.0904    818.070    34.9918    34.9918     5.5455    1483.26    27.7060    27.7060 0.0000e+00
    827.000     4.7427     4.7434   3.358720   3.358812     2.0863     0.0327     0.2035    34.9922 1.6741e-01     0.0940    819.058    34.9918    34.9921     5.5469    1483.28    27.7061    27.7062 0.0000e+00
    828.000     4.7399     4.7410   3.358488   3.358579     2.0864    -0.0023     0.1942    34.9919 -5.050e-03     0.1066    820.047    34.9915    34.9914     5.5508    1483.28    27.7062    27.7060 0.0000e+00
    829.000     4.7354     4.7365   3.358094   3.358182     2.0865     0.0155     0.1953    34.9916 3.0157e-01     0.1071    821.035    34.9911    34.9910     5.5562    1483.28    27.7064    27.7062 0.0000e+00
    830.000     4.7368     4.7399   3.358271   3.358554     2.0872     0.0493     0.1977    34.9915 3.9824e-01     0.0972    822.024    34.9912    34.9913     5.5544    1483.30    27.7063    27.7060 0.0000e+00
    831.000     4.7275     4.7285   3.357432   3.357533     2.0869     0.0188     0.1985    34.9913 3.3693e-01     0.0949    823.012    34.9907    34.9908     5.5577    1483.28    27.7069    27.7069 0.0000e+00
    832.000     4.7253     4.7263   3.357280   3.357373     2.0871     0.0063     0.1964    34.9913 2.5194e-01     0.1003    824.001    34.9908    34.9908     5.5601    1483.29    27.7073    27.7071 0.0000e+00
    833.000     4.7237     4.7248   3.357161   3.357265     2.0873     0.0723     0.2147    34.9911 3.2299e-01     0.1127    824.989    34.9905    34.9905     5.5607    1483.30    27.7073    27.7071 0.0000e+00
    834.000     4.7205     4.7215   3.356894   3.356983     2.0871     0.1884     0.2480    34.9909 2.3698e-01     0.1081    825.977    34.9903    34.9902     5.5633    1483.30    27.7074    27.7073 0.0000e+00
    835.000     4.7183     4.7193   3.356720   3.356822     2.0876     0.0357     0.1950    34.9907 2.2525e-01     0.1019    826.966    34.9901    34.9902     5.5654    1483.31    27.7075    27.7075 0.0000e+00
    836.000     4.7158     4.7167   3.356538   3.356609     2.0881     0.0404     0.2018    34.9906 5.6836e-01     0.1009    827.954    34.9901    34.9900     5.5697    1483.31    27.7078    27.7076 0.0000e+00
    837.000     4.7147     4.7156   3.356475   3.356573     2.0883     0.0284     0.1993    34.9904 2.0262e-01     0.0916    828.943    34.9899    34.9901     5.5666    1483.32    27.7078    27.7079 0.0000e+00
    838.000     4.7049     4.7072   3.355581   3.355771     2.0879     0.0236     0.1980    34.9901 -3.151e-03     0.0950    829.931    34.9894    34.9891     5.5677    1483.30    27.7085    27.7080 0.0000e+00
    839.000     4.6970     4.6984   3.354909   3.355031     2.0882     0.0325     0.2054    34.9902 1.2571e-01     0.1027    830.919    34.9893    34.9893     5.5782    1483.28    27.7093    27.7092 0.0000e+00
