05_ctd/ctd_files/ar43_004.cnv
* Sea-Bird SBE 9 Data File:
* FileName = D:\Data\AR43_004.hex
* Software Version Seasave V 7.26.7.121
* Temperature SN = 4252
* Conductivity SN = 1860
* Number of Bytes Per Scan = 40
* Number of Voltage Words = 5
* Number of Scans Averaged by the Deck Unit = 1
* NMEA Latitude = 39 31.05 N
* NMEA Longitude = 070 44.77 W
* NMEA UTC (Time) = Mar 13 2020  16:10:40
** Cruise ID: AR43
** Chief Sci:
** Station #:
** Site ID:
# nquan = 19
# nvalues = 2019                        
# units = specified
# name 0 = prDM: Pressure, Digiquartz [db]
# name 1 = t090C: Temperature [ITS-90, deg C]
# name 2 = t190C: Temperature, 2 [ITS-90, deg C]
# name 3 = c0S/m: Conductivity [S/m]
# name 4 = c1S/m: Conductivity, 2 [S/m]
# name 5 = sbeox0V: Oxygen raw, SBE 43 [V]
# name 6 = flECO-AFL: Fluorescence, WET Labs ECO-AFL/FL [mg/m^3]
# name 7 = turbWETntu0: Turbidity, WET Labs ECO [NTU]
# name 8 = sal00: Salinity, Practical [PSU]
# name 9 = spar: SPAR, Biospherical/Licor
# name 10 = v6: Voltage 6
# name 11 = depSM: Depth [salt water, m], lat = 39.5175
# name 12 = sal00: Salinity, Practical [PSU]
# name 13 = sal11: Salinity, Practical, 2 [PSU]
# name 14 = sbeox0ML/L: Oxygen, SBE 43 [ml/l], WS = 2
# name 15 = svCM: Sound Velocity [Chen-Millero, m/s]
# name 16 = sigma-é00: Density [sigma-theta, kg/m^3]
# name 17 = sigma-é11: Density, 2 [sigma-theta, kg/m^3]
# name 18 = flag: flag
# span 0 =      2.000,   1012.000       
# span 1 =     4.3399,    14.4784       
# span 2 =     4.3408,    14.4801       
# span 3 =   3.328310,   4.333380       
# span 4 =   3.328425,   4.333456       
# span 5 =     1.5615,     2.7215       
# span 6 =    -0.0087,     0.9291       
# span 7 =     0.1676,     0.2137       
# span 8 =    34.9762,    35.7969       
# span 9 = 9.1203e+02, 9.3206e+02       
# span 10 =     0.0759,     0.1174      
# span 11 =      1.985,   1001.849      
# span 12 =    34.9761,    35.8007      
# span 13 =    34.9765,    35.8066      
# span 14 =     2.9577,     5.8304      
# span 15 =    1482.71,    1508.25      
# span 16 =    26.5589,    27.7419      
# span 17 =    26.5597,    27.7421      
# span 18 = 0.0000e+00, 0.0000e+00      
# interval = decibars: 1                
# start_time = Mar 13 2020 16:10:40 [NMEA time, header]
# bad_flag = -9.990e-29
*END*
[from data line 839]
    843.000     4.7535     4.7540   3.362236   3.362303     2.0902     0.0214     0.1799    35.0142 9.2003e+02     0.0981    834.881    35.0131    35.0133     5.5764    1483.61    27.7219    27.7221 0.0000e+00
    844.000     4.7523     4.7531   3.362149   3.362265     2.0905     0.0206     0.1743    35.0139 9.2025e+02     0.0944    835.869    35.0129    35.0134     5.5768    1483.62    27.7219    27.7222 0.0000e+00
    845.000     4.7520     4.7529   3.362180   3.362279     2.0907     0.0378     0.1766    35.0139 9.2025e+02     0.0916    836.858    35.0130    35.0132     5.5766    1483.64    27.7220    27.7221 0.0000e+00
    846.000     4.7522     4.7531   3.362247   3.362352     2.0907     0.0277     0.1766    35.0139 9.2025e+02     0.0940    837.846    35.0131    35.0134     5.5774    1483.66    27.7221    27.7222 0.0000e+00
    847.000     4.7525     4.7537   3.362307   3.362448     2.0908     0.0262     0.1780    35.0136 9.1989e+02     0.0977    838.834    35.0129    35.0133     5.5784    1483.67    27.7220    27.7221 0.0000e+00
    848.000     4.7516     4.7524   3.362252   3.362349     2.0909     0.0285     0.1779    35.0133 9.2004e+02     0.1009    839.823    35.0127    35.0130     5.5782    1483.69    27.7219    27.7221 0.0000e+00
    849.000     4.7478     4.7502   3.361862   3.362172     2.0902     0.0219     0.1742    35.0123 9.1993e+02     0.0962    840.811    35.0118    35.0127     5.5720    1483.69    27.7216    27.7221 0.0000e+00
    850.000     4.7377     4.7382   3.360909   3.361029     2.0898     0.0233     0.1691    35.0115 9.2035e+02     0.1023    841.799    35.0107    35.0116     5.5742    1483.66    27.7219    27.7225 0.0000e+00
    851.000     4.7340     4.7347   3.360634   3.360743     2.0898     0.0292     0.1729    35.0118 9.2082e+02     0.1038    842.788    35.0109    35.0114     5.5766    1483.66    27.7225    27.7228 0.0000e+00
    852.000     4.7308     4.7317   3.360379   3.360485     2.0893     0.0333     0.1770    35.0116 9.1986e+02     0.0998    843.776    35.0108    35.0111     5.5754    1483.66    27.7227    27.7229 0.0000e+00
    853.000     4.7291     4.7299   3.360233   3.360327     2.0895     0.0293     0.1758    35.0113 9.1425e+02     0.0936    844.764    35.0104    35.0107     5.5799    1483.67    27.7226    27.7227 0.0000e+00
    854.000     4.7226     4.7228   3.359528   3.359615     2.0893     0.0068     0.1741    35.0095 9.2117e+02     0.0940    845.753    35.0085    35.0092     5.5864    1483.66    27.7219    27.7224 0.0000e+00
    855.000     4.7126     4.7129   3.358582   3.358676     2.0899     0.0176     0.1755    35.0087 9.2040e+02     0.0985    846.741    35.0075    35.0083     5.5963    1483.64    27.7221    27.7227 0.0000e+00
    856.000     4.7138     4.7190   3.358781   3.359328     2.0936     0.0345     0.1751    35.0088 9.2042e+02     0.0989    847.729    35.0080    35.0090     5.6100    1483.66    27.7225    27.7226 0.0000e+00
    857.000     4.6988     4.6997   3.357309   3.357491     2.0938     0.0259     0.1716    35.0073 9.2032e+02     0.0977    848.718    35.0061    35.0073     5.6032    1483.61    27.7226    27.7235 0.0000e+00
    858.000     4.6939     4.6945   3.356975   3.357055     2.0939     0.0331     0.1691    35.0081 9.2108e+02     0.1002    849.706    35.0069    35.0072     5.6057    1483.61    27.7238    27.7240 0.0000e+00
    859.000     4.6909     4.6918   3.356710   3.356822     2.0941     0.0452     0.1834    35.0077 9.2047e+02     0.1009    850.694    35.0065    35.0069     5.6093    1483.61    27.7238    27.7240 0.0000e+00
    860.000     4.6892     4.6901   3.356597   3.356703     2.0943     0.0452     0.1860    35.0076 9.2104e+02     0.1014    851.682    35.0065    35.0067     5.6111    1483.62    27.7240    27.7241 0.0000e+00
    861.000     4.6868     4.6876   3.356418   3.356512     2.0946     0.0178     0.1838    35.0075 9.2062e+02     0.0987    852.671    35.0064    35.0066     5.6163    1483.63    27.7242    27.7243 0.0000e+00
    862.000     4.6853     4.6873   3.356356   3.356558     2.0953     0.0248     0.1805    35.0077 9.1966e+02     0.1000    853.659    35.0067    35.0069     5.6190    1483.64    27.7246    27.7246 0.0000e+00
    863.000     4.6842     4.6875   3.356320   3.356617     2.0960     0.0234     0.1738    35.0077 9.2074e+02     0.1032    854.647    35.0069    35.0069     5.6190    1483.65    27.7250    27.7246 0.0000e+00
    864.000     4.6831     4.6838   3.356265   3.356354     2.0964     0.0291     0.1753    35.0077 9.2099e+02     0.1048    855.636    35.0070    35.0072     5.6215    1483.66    27.7252    27.7253 0.0000e+00
    865.000     4.6801     4.6804   3.355978   3.356051     2.0962     0.0445     0.1795    35.0069 9.2026e+02     0.1005    856.624    35.0063    35.0068     5.6179    1483.67    27.7249    27.7253 0.0000e+00
    866.000     4.6773     4.6781   3.355763   3.355866     2.0960     0.0088     0.1815    35.0069 9.2054e+02     0.0951    857.612    35.0062    35.0066     5.6197    1483.67    27.7252    27.7254 0.0000e+00
    867.000     4.6753     4.6760   3.355628   3.355730     2.0961     0.0168     0.1784    35.0069 9.2090e+02     0.1000    858.600    35.0062    35.0066     5.6212    1483.68    27.7254    27.7257 0.0000e+00
    868.000     4.6748     4.6757   3.355650   3.355756     2.0958     0.0240     0.1766    35.0071 9.2077e+02     0.1013    859.589    35.0065    35.0067     5.6209    1483.69    27.7257    27.7258 0.0000e+00
    869.000     4.6742     4.6750   3.355623   3.355728     2.0959     0.0349     0.1786    35.0069 9.2109e+02     0.1024    860.577    35.0063    35.0067     5.6241    1483.71    27.7256    27.7259 0.0000e+00
    870.000     4.6732     4.6741   3.355584   3.355691     2.0960     0.0340     0.1759    35.0070 9.2069e+02     0.1019    861.565    35.0064    35.0067     5.6241    1483.72    27.7259    27.7260 0.0000e+00
    871.000     4.6717     4.6745   3.355500   3.355763     2.0961     0.0357     0.1725    35.0070 9.2075e+02     0.1009    862.553    35.0065    35.0066     5.6266    1483.73    27.7261    27.7259 0.0000e+00
    872.000     4.6704     4.6712   3.355451   3.355553     2.0961     0.0179     0.1814    35.0072 9.1774e+02     0.1012    863.542    35.0068    35.0071     5.6260    1483.74    27.7265    27.7266 0.0000e+00
    873.000     4.6685     4.6692   3.355281   3.355376     2.0960     0.0226     0.1773    35.0067 9.2131e+02     0.0935    864.530    35.0063    35.0067     5.6290    1483.75    27.7263    27.7265 0.0000e+00
    874.000     4.6643     4.6647   3.354905   3.355001     2.0966     0.0298     0.1756    35.0063 9.2081e+02     0.1038    865.518    35.0058    35.0065     5.6334    1483.75    27.7264    27.7269 0.0000e+00
    875.000     4.6614     4.6626   3.354698   3.354854     2.0965     0.0383     0.1740    35.0065 9.2071e+02     0.1037    866.506    35.0059    35.0065     5.6335    1483.75    27.7268    27.7271 0.0000e+00
    876.000     4.6604     4.6614   3.354648   3.354769     2.0966     0.0198     0.1719    35.0064 9.2078e+02     0.1050    867.495    35.0059    35.0062     5.6358    1483.77    27.7269    27.7271 0.0000e+00
    877.000     4.6562     4.6576   3.354239   3.354404     2.0970     0.0333     0.1767    35.0056 9.2042e+02     0.0966    868.483    35.0051    35.0055     5.6370    1483.76    27.7268    27.7270 0.0000e+00
    878.000     4.6531     4.6537   3.353997   3.354079     2.0970     0.0288     0.1723    35.0055 9.2004e+02     0.1003    869.471    35.0049    35.0053     5.6368    1483.77    27.7270    27.7272 0.0000e+00
    879.000     4.6487     4.6487   3.353566   3.353609     2.0971     0.0358     0.1712    35.0047 9.2042e+02     0.1035    870.459    35.0041    35.0045     5.6390    1483.77    27.7268    27.7272 0.0000e+00
    880.000     4.6434     4.6436   3.353061   3.353108     2.0971     0.0329     0.1741    35.0039 9.2039e+02     0.1002    871.447    35.0032    35.0036     5.6411    1483.76    27.7267    27.7270 0.0000e+00
    881.000     4.6390     4.6399   3.352683   3.352805     2.0973     0.0466     0.1762    35.0037 9.2047e+02     0.1027    872.436    35.0030    35.0034     5.6470    1483.76    27.7270    27.7273 0.0000e+00
    882.000     4.6359     4.6367   3.352417   3.352533     2.0980     0.0360     0.1765    35.0034 9.2000e+02     0.0965    873.424    35.0027    35.0031     5.6513    1483.76    27.7271    27.7274 0.0000e+00
    883.000     4.6335     4.6347   3.352240   3.352383     2.0983     0.0268     0.1756    35.0032 9.1926e+02     0.1017    874.412    35.0025    35.0029     5.6489    1483.77    27.7273    27.7275 0.0000e+00
    884.000     4.6323     4.6333   3.352167   3.352313     2.0985     0.0213     0.1803    35.0031 9.2099e+02     0.1001    875.400    35.0025    35.0031     5.6486    1483.78    27.7274    27.7278 0.0000e+00
    885.000     4.6286     4.6298   3.351837   3.351974     2.0982     0.0239     0.1798    35.0026 9.2025e+02     0.1001    876.388    35.0020    35.0023     5.6474    1483.78    27.7275    27.7276 0.0000e+00
    886.000     4.6271     4.6281   3.351730   3.351856     2.0981     0.0245     0.1765    35.0025 9.2078e+02     0.1020    877.377    35.0018    35.0022     5.6458    1483.79    27.7275    27.7277 0.0000e+00
    887.000     4.6207     4.6211   3.351101   3.351190     2.0975     0.0181     0.1790    35.0015 9.2113e+02     0.1050    878.365    35.0007    35.0013     5.6448    1483.78    27.7273    27.7278 0.0000e+00
    888.000     4.6178     4.6187   3.350927   3.351008     2.0972     0.0376     0.1758    35.0020 9.2071e+02     0.0990    879.353    35.0012    35.0012     5.6518    1483.78    27.7281    27.7279 0.0000e+00
    889.000     4.6175     4.6184   3.350948   3.351052     2.0979     0.0473     0.1757    35.0019 9.2099e+02     0.0945    880.341    35.0012    35.0015     5.6616    1483.80    27.7281    27.7282 0.0000e+00
    890.000     4.6189     4.6198   3.351134   3.351248     2.0992     0.0272     0.1777    35.0020 9.2040e+02     0.1005    881.329    35.0015    35.0019     5.6639    1483.82    27.7282    27.7284 0.0000e+00
    891.000     4.6194     4.6202   3.351241   3.351353     2.0996     0.0351     0.1791    35.0021 9.2078e+02     0.1004    882.317    35.0017    35.0021     5.6585    1483.84    27.7283    27.7286 0.0000e+00
    892.000     4.6191     4.6200   3.351264   3.351381     2.0989     0.0267     0.1750    35.0021 9.2058e+02     0.1014    883.305    35.0017    35.0021     5.6516    1483.86    27.7284    27.7286 0.0000e+00
    893.000     4.6188     4.6190   3.351274   3.351322     2.0982     0.0265     0.1736    35.0021 9.1730e+02     0.1013    884.294    35.0017    35.0021     5.6519    1483.87    27.7284    27.7287 0.0000e+00
    894.000     4.6163     4.6167   3.351005   3.351079     2.0981     0.0359     0.1693    35.0010 9.2070e+02     0.1019    885.282    35.0006    35.0011     5.6572    1483.88    27.7278    27.7282 0.0000e+00
    895.000     4.6109     4.6115   3.350540   3.350639     2.0984     0.0407     0.1717    35.0010 9.2034e+02     0.1038    886.270    35.0004    35.0010     5.6624    1483.87    27.7283    27.7286 0.0000e+00
    896.000     4.6074     4.6076   3.350177   3.350255     2.0982     0.0476     0.1766    34.9999 9.2094e+02     0.1017    887.258    34.9993    35.0001     5.6637    1483.87    27.7278    27.7284 0.0000e+00
    897.000     4.6021     4.6029   3.349725   3.349841     2.0986     0.0507     0.1728    34.9998 9.2077e+02     0.0967    888.246    34.9991    34.9997     5.6687    1483.87    27.7282    27.7286 0.0000e+00
    898.000     4.5996     4.6027   3.349511   3.349877     2.0998     0.0260     0.1764    34.9993 9.2068e+02     0.1000    889.234    34.9988    34.9998     5.6728    1483.87    27.7282    27.7287 0.0000e+00
    899.000     4.5965     4.5994   3.349283   3.349540     2.1000     0.0105     0.1742    34.9994 9.2035e+02     0.0991    890.222    34.9989    34.9988     5.6745    1483.88    27.7287    27.7283 0.0000e+00
    900.000     4.5943     4.5941   3.349068   3.349102     2.1005     0.0335     0.1757    34.9987 9.2025e+02     0.1022    891.210    34.9982    34.9987     5.6807    1483.88    27.7284    27.7288 0.0000e+00
    901.000     4.5907     4.5914   3.348770   3.348896     2.1009     0.0475     0.1766    34.9986 9.2073e+02     0.1087    892.199    34.9980    34.9987     5.6796    1483.88    27.7287    27.7291 0.0000e+00
    902.000     4.6004     4.6027   3.350291   3.350348     2.1008     0.0273     0.1784    35.0053 9.2057e+02     0.1065    893.187    35.0050    35.0032     5.6736    1483.95    27.7331    27.7315 0.0000e+00
    903.000     4.6114     4.6115   3.351183   3.351219     2.1006     0.0210     0.1790    35.0032 9.2051e+02     0.1014    894.175    35.0033    35.0036     5.6684    1484.01    27.7306    27.7308 0.0000e+00
    904.000     4.6089     4.6095   3.351033   3.351121     2.1000     0.0361     0.1790    35.0037 9.2037e+02     0.1013    895.163    35.0037    35.0041     5.6643    1484.02    27.7312    27.7314 0.0000e+00
    905.000     4.6091     4.6095   3.351095   3.351135     2.0985     0.0183     0.1768    35.0037 9.1950e+02     0.1017    896.151    35.0037    35.0037     5.6590    1484.03    27.7312    27.7312 0.0000e+00
    906.000     4.6089     4.6092   3.351137   3.351180     2.0968     0.0202     0.1791    35.0039 9.2067e+02     0.0976    897.139    35.0039    35.0041     5.6561    1484.05    27.7314    27.7315 0.0000e+00
    907.000     4.6085     4.6093   3.351128   3.351244     2.0957     0.0216     0.1772    35.0038 9.2042e+02     0.0962    898.127    35.0037    35.0042     5.6532    1484.06    27.7313    27.7316 0.0000e+00
    908.000     4.6088     4.6097   3.351228   3.351343     2.0952     0.0235     0.1716    35.0041 9.2088e+02     0.0979    899.115    35.0041    35.0044     5.6525    1484.08    27.7315    27.7317 0.0000e+00
    909.000     4.6090     4.6099   3.351274   3.351402     2.0947     0.0364     0.1790    35.0039 9.2087e+02     0.1027    900.103    35.0039    35.0044     5.6497    1484.10    27.7314    27.7316 0.0000e+00
    910.000     4.6078     4.6091   3.351185   3.351350     2.0937     0.0337     0.1760    35.0036 9.2031e+02     0.0994    901.091    35.0035    35.0042     5.6494    1484.11    27.7312    27.7316 0.0000e+00
    911.000     4.6023     4.6033   3.350639   3.350774     2.0937     0.0379     0.1765    35.0026 9.2009e+02     0.0968    902.079    35.0024    35.0030     5.6581    1484.10    27.7310    27.7313 0.0000e+00
    912.000     4.6007     4.6017   3.350561   3.350683     2.0941     0.0385     0.1794    35.0030 9.2060e+02     0.0981    903.067    35.0028    35.0032     5.6637    1484.11    27.7314    27.7316 0.0000e+00
    913.000     4.5997     4.6004   3.350512   3.350616     2.0946     0.0406     0.1764    35.0029 9.1885e+02     0.1022    904.055    35.0027    35.0032     5.6637    1484.13    27.7315    27.7318 0.0000e+00
    914.000     4.5969     4.5981   3.350303   3.350441     2.0947     0.0248     0.1788    35.0030 9.2052e+02     0.0993    905.043    35.0027    35.0031     5.6596    1484.13    27.7318    27.7320 0.0000e+00
    915.000     4.5977     4.5983   3.350441   3.350537     2.0938     0.0303     0.1790    35.0032 9.2063e+02     0.0950    906.031    35.0030    35.0035     5.6553    1484.15    27.7319    27.7323 0.0000e+00
    916.000     4.5998     4.6013   3.350747   3.350909     2.0938     0.0291     0.1790    35.0040 9.2075e+02     0.0975    907.020    35.0038    35.0042     5.6595    1484.18    27.7324    27.7325 0.0000e+00
    917.000     4.6003     4.6007   3.350811   3.350879     2.0936     0.0222     0.1790    35.0036 9.2073e+02     0.0968    908.008    35.0035    35.0039     5.6595    1484.20    27.7321    27.7324 0.0000e+00
