05_ctd/ctd_files/ar43_006.cnv
* Sea-Bird SBE 9 Data File:
* FileName = D:\Data\AR43_006.hex
* Software Version Seasave V 7.26.7.121
* Temperature SN = 4252
* Conductivity SN = 1860
* Number of Bytes Per Scan = 40
* Number of Voltage Words = 5
* Number of Scans Averaged by the Deck Unit = 1
* NMEA Latitude = 39 38.54 N
* NMEA Longitude = 070 51.35 W
* NMEA UTC (Time) = Mar 14 2020  16:10:50
** Cruise ID: AR43
** Chief Sci:
** Station #:
** Site ID:
# nquan = 19
# nvalues = 2021                        
# units = specified
# name 0 = prDM: Pressure, Digiquartz [db]
# name 1 = t090C: Temperature [ITS-90, deg C]
# name 2 = t190C: Temperature, 2 [ITS-90, deg C]
# name 3 = c0S/m: Conductivity [S/m]
# name 4 = c1S/m: Conductivity, 2 [S/m]
# name 5 = sbeox0V: Oxygen raw, SBE 43 [V]
# name 6 = flECO-AFL: Fluorescence, WET Labs ECO-AFL/FL [mg/m^3]
# name 7 = turbWETntu0: Turbidity, WET Labs ECO [NTU]
# name 8 = sal00: Salinity, Practical [PSU]
# name 9 = spar: SPAR, Biospherical/Licor
# name 10 = v6: Voltage 6
# name 11 = depSM: Depth [salt water, m], lat = 39.6423
# name 12 = sal00: Salinity, Practical [PSU]
# name 13 = sal11: Salinity, Practical, 2 [PSU]
# name 14 = sbeox0ML/L: Oxygen, SBE 43 [ml/l], WS = 2
# name 15 = svCM: Sound Velocity [Chen-Millero, m/s]
# name 16 = sigma-é00: Density [sigma-theta, kg/m^3]
# name 17 = sigma-é11: Density, 2 [sigma-theta, kg/m^3]
# name 18 = flag: flag
# span 0 =      4.000,   1014.000       
# span 1 =     4.3051,    14.3143       
# span 2 =     4.3062,    14.3206       
# span 3 =   3.325183,   4.308073       
# span 4 =   3.325289,   4.308777       
# span 5 =     1.5813,     2.7337       
# span 6 =     0.0029,     0.8643       
# span 7 =     0.1738,     0.2958       
# span 8 =    34.9667,    35.7603       
# span 9 = 1.6104e+02, 9.6694e+02       
# span 10 =     0.0477,     0.1171      
# span 11 =      3.969,   1003.813      
# span 12 =    34.9666,    35.7608      
# span 13 =    34.9670,    35.7653      
# span 14 =     3.0101,     5.8437      
# span 15 =    1481.97,    1507.50      
# span 16 =    26.5252,    27.7359      
# span 17 =    26.5248,    27.7360      
# span 18 = 0.0000e+00, 0.0000e+00      
# interval = decibars: 1                
# start_time = Mar 14 2020 16:10:50 [NMEA time, header]
# bad_flag = -9.990e-29
*END*
      4.000    13.9883    13.9911   4.239227   4.239532     2.7278     0.7396     0.2170    35.4338 9.1730e+02     0.0477      3.969    35.4339    35.4342     5.6369    1504.01    26.5252    26.5248 0.0000e+00
      5.000    13.9760    13.9758   4.237867   4.238059     2.7226     0.4456     0.2091    35.4321 9.2106e+02     0.1004      4.962    35.4320    35.4340     5.6405    1503.99    26.5263    26.5279 0.0000e+00
      6.000    13.9820    13.9828   4.238600   4.238841     2.7253     0.4942     0.2090    35.4329 9.2123e+02     0.0858      5.954    35.4330    35.4345     5.6385    1504.03    26.5258    26.5268 0.0000e+00
      7.000    13.9838    13.9838   4.238860   4.238997     2.7239     0.4962     0.2090    35.4332 9.2133e+02     0.0812      6.946    35.4333    35.4346     5.6364    1504.05    26.5257    26.5267 0.0000e+00
      8.000    13.9795    13.9780   4.238389   4.238345     2.7241     0.4893     0.2069    35.4325 9.2008e+02     0.0811      7.939    35.4325    35.4334     5.6392    1504.05    26.5260    26.5271 0.0000e+00
      9.000    13.9754    13.9761   4.237956   4.238181     2.7247     0.5063     0.2099    35.4319 9.2155e+02     0.0828      8.931    35.4318    35.4332     5.6407    1504.05    26.5264    26.5273 0.0000e+00
     10.000    13.9746    13.9751   4.237900   4.238100     2.7244     0.5181     0.2089    35.4316 9.2136e+02     0.0928      9.923    35.4315    35.4329     5.6432    1504.07    26.5264    26.5274 0.0000e+00
     11.000    13.9739    13.9740   4.237859   4.238005     2.7250     0.5385     0.2083    35.4315 9.2127e+02     0.0881     10.916    35.4314    35.4327     5.6431    1504.08    26.5264    26.5275 0.0000e+00
     12.000    13.9745    13.9746   4.237976   4.238126     2.7247     0.5389     0.2062    35.4316 9.2097e+02     0.0873     11.908    35.4315    35.4328     5.6434    1504.10    26.5265    26.5275 0.0000e+00
     13.000    13.9738    13.9733   4.237935   4.238016     2.7249     0.5509     0.2068    35.4314 9.2164e+02     0.0838     12.900    35.4314    35.4326     5.6435    1504.11    26.5265    26.5276 0.0000e+00
     14.000    13.9669    13.9659   4.237096   4.237131     2.7235     0.5480     0.2109    35.4297 9.2164e+02     0.0838     13.893    35.4295    35.4307     5.6372    1504.10    26.5266    26.5277 0.0000e+00
     15.000    13.9543    13.9547   4.235768   4.235937     2.7214     0.6328     0.2128    35.4287 9.2163e+02     0.0836     14.885    35.4282    35.4295     5.6331    1504.08    26.5283    26.5292 0.0000e+00
     16.000    13.9554    13.9562   4.235923   4.236154     2.7197     0.7944     0.2130    35.4286 9.2163e+02     0.0882     15.877    35.4282    35.4297     5.6368    1504.10    26.5281    26.5291 0.0000e+00
     17.000    13.9560    13.9565   4.235897   4.236235     2.7214     0.8187     0.2134    35.4272 9.2191e+02     0.0863     16.870    35.4270    35.4297     5.6405    1504.12    26.5270    26.5290 0.0000e+00
     18.000    13.9561    13.9547   4.236097   4.236070     2.7191     0.8532     0.2076    35.4286 9.2014e+02     0.0831     17.862    35.4284    35.4294     5.6308    1504.13    26.5281    26.5292 0.0000e+00
     19.000    13.9556    13.9554   4.236051   4.236155     2.7171     0.8238     0.2136    35.4282 9.2207e+02     0.0843     18.854    35.4280    35.4292     5.6282    1504.15    26.5280    26.5289 0.0000e+00
     20.000    13.9523    13.9518   4.235711   4.235803     2.7167     0.8349     0.2087    35.4276 9.2176e+02     0.0840     19.846    35.4274    35.4287     5.6298    1504.15    26.5282    26.5293 0.0000e+00
     21.000    13.9460    13.9461   4.235046   4.235167     2.7159     0.8565     0.2107    35.4268 9.2225e+02     0.0839     20.839    35.4266    35.4277     5.6361    1504.15    26.5289    26.5298 0.0000e+00
     22.000    13.9583    13.9583   4.236542   4.236717     2.7201     0.8481     0.2096    35.4287 9.2240e+02     0.0832     21.831    35.4288    35.4305     5.6484    1504.21    26.5281    26.5294 0.0000e+00
     23.000    13.9587    13.9576   4.236610   4.236616     2.7216     0.8382     0.2102    35.4286 9.2069e+02     0.0850     22.823    35.4287    35.4298     5.6444    1504.23    26.5280    26.5290 0.0000e+00
     24.000    13.9566    13.9586   4.236419   4.236796     2.7198     0.8350     0.2107    35.4283 9.2247e+02     0.0810     23.816    35.4284    35.4301     5.6365    1504.24    26.5282    26.5291 0.0000e+00
     25.000    13.9572    13.9582   4.236533   4.236773     2.7186     0.8346     0.2113    35.4284 9.2230e+02     0.0846     24.808    35.4285    35.4298     5.6397    1504.25    26.5281    26.5290 0.0000e+00
     26.000    13.9595    13.9603   4.236854   4.237090     2.7172     0.8434     0.2108    35.4289 9.2288e+02     0.0773     25.800    35.4289    35.4304     5.6284    1504.28    26.5281    26.5290 0.0000e+00
     27.000    13.9610    13.9617   4.237069   4.237278     2.7154     0.8388     0.2112    35.4291 9.2283e+02     0.0812     26.792    35.4292    35.4305     5.6306    1504.30    26.5280    26.5288 0.0000e+00
     28.000    13.9604    13.9610   4.237013   4.237223     2.7162     0.8202     0.2107    35.4287 9.2156e+02     0.0849     27.784    35.4288    35.4302     5.6367    1504.31    26.5278    26.5288 0.0000e+00
     29.000    13.9615    13.9621   4.237202   4.237405     2.7165     0.8192     0.2105    35.4290 9.2252e+02     0.0810     28.777    35.4291    35.4304     5.6354    1504.34    26.5278    26.5288 0.0000e+00
     30.000    13.9642    13.9642   4.237548   4.237692     2.7161     0.8245     0.2170    35.4293 9.2257e+02     0.0893     29.769    35.4295    35.4308     5.6325    1504.36    26.5276    26.5286 0.0000e+00
     31.000    13.9381    13.9321   4.234465   4.233912     2.7126     0.8343     0.2074    35.4248 9.2299e+02     0.0792     30.761    35.4242    35.4246     5.6284    1504.29    26.5291    26.5306 0.0000e+00
     32.000    13.9161    13.9140   4.231995   4.231892     2.7119     0.8481     0.2083    35.4219 9.2313e+02     0.0853     31.753    35.4210    35.4220     5.6259    1504.23    26.5313    26.5325 0.0000e+00
     33.000    13.9114    13.9088   4.231535   4.231375     2.7081     0.8333     0.2116    35.4214 9.2159e+02     0.0851     32.746    35.4206    35.4215     5.6184    1504.23    26.5319    26.5332 0.0000e+00
     34.000    13.9080    13.9077   4.231202   4.231320     2.7068     0.8362     0.2067    35.4209 9.2304e+02     0.0806     33.738    35.4202    35.4216     5.6209    1504.23    26.5324    26.5336 0.0000e+00
     35.000    13.9154    13.9153   4.232089   4.232196     2.7091     0.8407     0.2103    35.4216 9.2323e+02     0.0858     34.730    35.4212    35.4223     5.6297    1504.28    26.5317    26.5325 0.0000e+00
     36.000    13.9209    13.9236   4.232765   4.233225     2.7097     0.8475     0.2077    35.4222 9.2322e+02     0.0789     35.722    35.4220    35.4239     5.6305    1504.31    26.5312    26.5320 0.0000e+00
     37.000    13.9248    13.9255   4.233258   4.233488     2.7112     0.8536     0.2105    35.4227 9.2343e+02     0.0854     36.714    35.4227    35.4242     5.6361    1504.34    26.5309    26.5319 0.0000e+00
     38.000    13.9202    13.9252   4.232729   4.233434     2.7110     0.8482     0.2101    35.4217 9.2257e+02     0.0869     37.707    35.4216    35.4236     5.6322    1504.34    26.5310    26.5315 0.0000e+00
     39.000    13.9082    13.9149   4.231412   4.232299     2.7107     0.8581     0.2127    35.4202 9.2333e+02     0.0861     38.699    35.4199    35.4220     5.6346    1504.32    26.5322    26.5325 0.0000e+00
     40.000    13.9081    13.9092   4.231437   4.231710     2.7102     0.8472     0.2118    35.4201 9.2324e+02     0.0856     39.691    35.4198    35.4214     5.6314    1504.33    26.5322    26.5332 0.0000e+00
     41.000    13.9086    13.9112   4.231551   4.231980     2.7074     0.8643     0.2083    35.4201 9.2319e+02     0.0818     40.683    35.4199    35.4215     5.6245    1504.35    26.5323    26.5330 0.0000e+00
     42.000    13.9040    13.9044   4.231137   4.231327     2.7059     0.8543     0.2107    35.4202 9.2326e+02     0.0854     41.675    35.4200    35.4213     5.6246    1504.35    26.5333    26.5342 0.0000e+00
     43.000    13.9031    13.9041   4.231095   4.231340     2.7054     0.8341     0.2107    35.4201 9.2317e+02     0.0822     42.667    35.4199    35.4213     5.6232    1504.37    26.5335    26.5343 0.0000e+00
     44.000    13.9027    13.9034   4.231110   4.231315     2.7051     0.7839     0.2067    35.4202 9.2208e+02     0.0835     43.660    35.4200    35.4213     5.6211    1504.38    26.5337    26.5346 0.0000e+00
     45.000    13.8983    13.9000   4.230594   4.230912     2.7011     0.7910     0.2045    35.4191 9.2343e+02     0.0819     44.652    35.4188    35.4202     5.6116    1504.38    26.5337    26.5344 0.0000e+00
     46.000    13.8965    13.8950   4.230463   4.230420     2.6994     0.8020     0.2078    35.4190 9.2363e+02     0.0875     45.644    35.4188    35.4198     5.6150    1504.39    26.5341    26.5352 0.0000e+00
     47.000    13.8986    13.8990   4.230701   4.230902     2.7005     0.8043     0.2123    35.4188 9.2355e+02     0.0879     46.636    35.4187    35.4203     5.6150    1504.42    26.5336    26.5347 0.0000e+00
     48.000    13.8978    13.8974   4.230654   4.230771     2.6992     0.7699     0.2096    35.4187 9.2361e+02     0.0828     47.628    35.4186    35.4201     5.6136    1504.43    26.5337    26.5349 0.0000e+00
     49.000    13.8963    13.8972   4.230587   4.230815     2.7023     0.7821     0.2092    35.4190 9.2279e+02     0.0853     48.620    35.4189    35.4202     5.6241    1504.44    26.5343    26.5352 0.0000e+00
     50.000    13.8965    13.8963   4.230654   4.230764     2.7021     0.7712     0.2058    35.4190 9.2356e+02     0.0818     49.613    35.4189    35.4201     5.6219    1504.46    26.5343    26.5353 0.0000e+00
     51.000    13.8977    13.8976   4.230844   4.230967     2.7008     0.7533     0.2079    35.4193 9.2357e+02     0.0849     50.605    35.4192    35.4204     5.6171    1504.48    26.5343    26.5353 0.0000e+00
     52.000    13.8985    13.8992   4.230993   4.231217     2.7016     0.7750     0.2098    35.4194 9.2366e+02     0.0900     51.597    35.4194    35.4208     5.6250    1504.50    26.5344    26.5353 0.0000e+00
     53.000    13.8989    13.8994   4.231098   4.231300     2.7024     0.7875     0.2114    35.4196 9.2368e+02     0.0836     52.589    35.4196    35.4210     5.6246    1504.52    26.5345    26.5354 0.0000e+00
     54.000    13.8999    13.8998   4.231262   4.231397     2.7033     0.7613     0.2081    35.4198 9.2244e+02     0.0853     53.581    35.4198    35.4211     5.6307    1504.54    26.5344    26.5355 0.0000e+00
     55.000    13.8965    13.8984   4.230879   4.231226     2.7040     0.7615     0.2108    35.4190 9.2390e+02     0.0800     54.573    35.4189    35.4205     5.6277    1504.54    26.5344    26.5353 0.0000e+00
     56.000    13.8953    13.8962   4.230768   4.231017     2.7031     0.7769     0.2126    35.4187 9.2376e+02     0.0877     55.565    35.4186    35.4201     5.6300    1504.55    26.5345    26.5355 0.0000e+00
     57.000    13.8936    13.8941   4.230613   4.230815     2.7026     0.7698     0.2101    35.4183 9.2391e+02     0.0918     56.557    35.4182    35.4197     5.6240    1504.57    26.5346    26.5356 0.0000e+00
     58.000    13.8943    13.8933   4.230711   4.230730     2.6999     0.7637     0.2132    35.4181 9.2395e+02     0.0841     57.549    35.4181    35.4193     5.6204    1504.58    26.5344    26.5355 0.0000e+00
     59.000    13.8904    13.8912   4.230369   4.230594     2.6997     0.7418     0.2088    35.4182 9.2331e+02     0.0862     58.541    35.4181    35.4195     5.6219    1504.59    26.5352    26.5361 0.0000e+00
     60.000    13.8926    13.8929   4.230642   4.230849     2.6985     0.7441     0.2074    35.4183 9.2416e+02     0.0818     59.534    35.4182    35.4198     5.6185    1504.61    26.5349    26.5361 0.0000e+00
     61.000    13.8858    13.8895   4.229887   4.230462     2.6968     0.7388     0.2127    35.4172 9.2433e+02     0.0857     60.526    35.4170    35.4190     5.6114    1504.60    26.5354    26.5362 0.0000e+00
     62.000    13.8841    13.8837   4.229725   4.229813     2.6924     0.7310     0.2158    35.4168 9.2435e+02     0.0829     61.518    35.4166    35.4178     5.6029    1504.62    26.5355    26.5365 0.0000e+00
     63.000    13.8733    13.8734   4.228384   4.228546     2.6923     0.6974     0.2126    35.4140 9.2461e+02     0.0798     62.510    35.4136    35.4150     5.6093    1504.59    26.5355    26.5366 0.0000e+00
     64.000    13.8704    13.8760   4.228090   4.228909     2.6929     0.6795     0.2054    35.4134 9.2409e+02     0.0805     63.502    35.4131    35.4156     5.6117    1504.60    26.5357    26.5364 0.0000e+00
     65.000    13.8753    13.8745   4.228729   4.228762     2.6929     0.7244     0.2051    35.4143 9.2465e+02     0.0821     64.494    35.4142    35.4152     5.6143    1504.63    26.5356    26.5365 0.0000e+00
     66.000    13.8667    13.8686   4.227667   4.228044     2.6936     0.6899     0.2070    35.4120 9.2451e+02     0.0882     65.486    35.4117    35.4135     5.6143    1504.62    26.5355    26.5364 0.0000e+00
     67.000    13.8625    13.8633   4.227287   4.227509     2.6924     0.6753     0.2078    35.4120 9.2473e+02     0.0932     66.478    35.4116    35.4130     5.6108    1504.62    26.5363    26.5372 0.0000e+00
     68.000    13.8784    13.8783   4.229557   4.229703     2.6891     0.6701     0.2056    35.4177 9.2487e+02     0.0811     67.470    35.4178    35.4192     5.5986    1504.70    26.5378    26.5389 0.0000e+00
     69.000    13.8858    13.8866   4.230625   4.230857     2.6875     0.6509     0.2052    35.4203 9.2389e+02     0.0882     68.462    35.4206    35.4220     5.5957    1504.74    26.5384    26.5394 0.0000e+00
     70.000    13.8860    13.8848   4.230702   4.230664     2.6855     0.6402     0.2119    35.4204 9.2491e+02     0.0861     69.454    35.4206    35.4214     5.5911    1504.76    26.5384    26.5393 0.0000e+00
     71.000    13.8893    13.8901   4.231238   4.231489     2.6844     0.6593     0.2114    35.4219 9.2498e+02     0.0837     70.446    35.4222    35.4238     5.5889    1504.79    26.5390    26.5401 0.0000e+00
     72.000    13.9027    13.9067   4.233158   4.233846     2.6803     0.6598     0.2045    35.4269 9.2510e+02     0.0911     71.438    35.4273    35.4302     5.5728    1504.85    26.5402    26.5415 0.0000e+00
     73.000    13.9216    13.9217   4.235967   4.236097     2.6749     0.6157     0.2046    35.4350 9.2508e+02     0.0844     72.430    35.4358    35.4370     5.5542    1504.94    26.5428    26.5437 0.0000e+00
     74.000    13.9231    13.9238   4.236210   4.236444     2.6697     0.5831     0.2073    35.4356 9.2500e+02     0.0839     73.422    35.4363    35.4378     5.5395    1504.96    26.5429    26.5439 0.0000e+00
     75.000    13.9247    13.9238   4.236465   4.236454     2.6641     0.5943     0.2071    35.4363 9.2473e+02     0.0839     74.414    35.4368    35.4375     5.5348    1504.99    26.5430    26.5437 0.0000e+00
     76.000    13.9307    13.9324   4.237549   4.237912     2.6589     0.5828     0.2046    35.4404 9.2508e+02     0.0864     75.406    35.4409    35.4427     5.5053    1505.03    26.5449    26.5460 0.0000e+00
     77.000    13.9394    13.9395   4.238910   4.239057     2.6520     0.5351     0.2088    35.4446 9.2514e+02     0.0945     76.398    35.4452    35.4465     5.4876    1505.08    26.5465    26.5474 0.0000e+00
     78.000    13.9294    13.9304   4.237898   4.238154     2.6461     0.4839     0.2027    35.4443 9.2523e+02     0.0894     77.390    35.4446    35.4460     5.4830    1505.06    26.5481    26.5490 0.0000e+00
     79.000    13.9275    13.9288   4.237904   4.238167     2.6416     0.4746     0.2061    35.4458 9.2550e+02     0.0893     78.382    35.4459    35.4472     5.4742    1505.07    26.5496    26.5503 0.0000e+00
