05_ctd/ctd_files/ar43_004.cnv
* Sea-Bird SBE 9 Data File:
* FileName = D:\Data\AR43_004.hex
* Software Version Seasave V 7.26.7.121
* Temperature SN = 4252
* Conductivity SN = 1860
* Number of Bytes Per Scan = 40
* Number of Voltage Words = 5
* Number of Scans Averaged by the Deck Unit = 1
* NMEA Latitude = 39 31.05 N
* NMEA Longitude = 070 44.77 W
* NMEA UTC (Time) = Mar 13 2020  16:10:40
** Cruise ID: AR43
** Chief Sci:
** Station #:
** Site ID:
# nquan = 19
# nvalues = 2019                        
# units = specified
# name 0 = prDM: Pressure, Digiquartz [db]
# name 1 = t090C: Temperature [ITS-90, deg C]
# name 2 = t190C: Temperature, 2 [ITS-90, deg C]
# name 3 = c0S/m: Conductivity [S/m]
# name 4 = c1S/m: Conductivity, 2 [S/m]
# name 5 = sbeox0V: Oxygen raw, SBE 43 [V]
# name 6 = flECO-AFL: Fluorescence, WET Labs ECO-AFL/FL [mg/m^3]
# name 7 = turbWETntu0: Turbidity, WET Labs ECO [NTU]
# name 8 = sal00: Salinity, Practical [PSU]
# name 9 = spar: SPAR, Biospherical/Licor
# name 10 = v6: Voltage 6
# name 11 = depSM: Depth [salt water, m], lat = 39.5175
# name 12 = sal00: Salinity, Practical [PSU]
# name 13 = sal11: Salinity, Practical, 2 [PSU]
# name 14 = sbeox0ML/L: Oxygen, SBE 43 [ml/l], WS = 2
# name 15 = svCM: Sound Velocity [Chen-Millero, m/s]
# name 16 = sigma-é00: Density [sigma-theta, kg/m^3]
# name 17 = sigma-é11: Density, 2 [sigma-theta, kg/m^3]
# name 18 = flag: flag
# span 0 =      2.000,   1012.000       
# span 1 =     4.3399,    14.4784       
# span 2 =     4.3408,    14.4801       
# span 3 =   3.328310,   4.333380       
# span 4 =   3.328425,   4.333456       
# span 5 =     1.5615,     2.7215       
# span 6 =    -0.0087,     0.9291       
# span 7 =     0.1676,     0.2137       
# span 8 =    34.9762,    35.7969       
# span 9 = 9.1203e+02, 9.3206e+02       
# span 10 =     0.0759,     0.1174      
# span 11 =      1.985,   1001.849      
# span 12 =    34.9761,    35.8007      
# span 13 =    34.9765,    35.8066      
# span 14 =     2.9577,     5.8304      
# span 15 =    1482.71,    1508.25      
# span 16 =    26.5589,    27.7419      
# span 17 =    26.5597,    27.7421      
# span 18 = 0.0000e+00, 0.0000e+00      
# interval = decibars: 1                
# start_time = Mar 13 2020 16:10:40 [NMEA time, header]
# bad_flag = -9.990e-29
*END*
[from data line 534]
    538.000     6.1394     6.1402   3.480528   3.480675     1.9285     0.0331     0.1851    35.0800 9.1958e+02     0.0947    533.208    35.0771    35.0778     4.6489    1484.24    27.6019    27.6024 0.0000e+00
    539.000     6.1188     6.1198   3.478712   3.478803     1.9302     0.0574     0.1740    35.0803 9.1795e+02     0.0958    534.198    35.0773    35.0774     4.6597    1484.17    27.6048    27.6047 0.0000e+00
    540.000     6.1155     6.1164   3.478457   3.478529     1.9320     0.0253     0.1770    35.0801 9.2004e+02     0.1002    535.188    35.0774    35.0773     4.6663    1484.17    27.6053    27.6051 0.0000e+00
    541.000     6.1090     6.1084   3.477674   3.477666     1.9330     0.0329     0.1815    35.0774 9.2003e+02     0.0982    536.178    35.0748    35.0753     4.6705    1484.16    27.6040    27.6045 0.0000e+00
    542.000     6.0857     6.0861   3.475564   3.475664     1.9342     0.0468     0.1802    35.0777 9.2003e+02     0.0978    537.167    35.0745    35.0753     4.6779    1484.09    27.6069    27.6074 0.0000e+00
    543.000     6.0806     6.0817   3.475227   3.475316     1.9349     0.0615     0.1790    35.0786 9.1978e+02     0.1070    538.157    35.0756    35.0754     4.6812    1484.08    27.6084    27.6081 0.0000e+00
    544.000     6.0786     6.0805   3.475071   3.475244     1.9359     0.0450     0.1847    35.0781 9.2010e+02     0.1036    539.147    35.0753    35.0753     4.6859    1484.09    27.6084    27.6082 0.0000e+00
    545.000     6.0687     6.0752   3.474114   3.474791     1.9376     0.0343     0.1760    35.0770 9.1968e+02     0.0940    540.137    35.0743    35.0752     4.6905    1484.07    27.6089    27.6088 0.0000e+00
    546.000     6.0792     6.0781   3.475178   3.475075     1.9390     0.0415     0.1759    35.0765 9.1961e+02     0.1038    541.126    35.0750    35.0749     4.6840    1484.13    27.6081    27.6082 0.0000e+00
    547.000     6.0439     6.0454   3.471794   3.471955     1.9388     0.0418     0.1798    35.0751 9.1947e+02     0.1020    542.116    35.0727    35.0730     4.6942    1484.00    27.6109    27.6109 0.0000e+00
    548.000     6.0371     6.0382   3.471197   3.471315     1.9396     0.0481     0.1816    35.0748 9.1940e+02     0.1013    543.106    35.0725    35.0727     4.7070    1483.99    27.6115    27.6116 0.0000e+00
    549.000     6.0288     6.0298   3.470444   3.470546     1.9412     0.0237     0.1833    35.0745 9.1941e+02     0.1047    544.096    35.0721    35.0722     4.7134    1483.97    27.6123    27.6122 0.0000e+00
    550.000     6.0205     6.0212   3.469603   3.469707     1.9420     0.0207     0.1820    35.0731 9.1579e+02     0.1031    545.086    35.0707    35.0711     4.7152    1483.95    27.6123    27.6125 0.0000e+00
    551.000     6.0030     6.0032   3.467937   3.468003     1.9430     0.0264     0.1761    35.0721 9.2000e+02     0.0920    546.075    35.0694    35.0700     4.7225    1483.90    27.6135    27.6140 0.0000e+00
    552.000     5.9969     5.9981   3.467479   3.467583     1.9445     0.0324     0.1766    35.0726 9.1961e+02     0.0974    547.065    35.0701    35.0701     4.7295    1483.89    27.6148    27.6147 0.0000e+00
    553.000     5.9917     5.9929   3.467003   3.467129     1.9461     0.0440     0.1747    35.0720 9.1959e+02     0.1016    548.055    35.0696    35.0698     4.7291    1483.89    27.6152    27.6151 0.0000e+00
    554.000     5.9836     5.9847   3.466241   3.466372     1.9467     0.0214     0.1789    35.0711 9.1921e+02     0.1034    549.044    35.0689    35.0692     4.7339    1483.87    27.6156    27.6157 0.0000e+00
    555.000     5.9704     5.9713   3.464987   3.465105     1.9480     0.0537     0.1798    35.0701 9.1957e+02     0.0984    550.034    35.0679    35.0682     4.7433    1483.83    27.6165    27.6167 0.0000e+00
    556.000     5.9592     5.9603   3.464027   3.464114     1.9502     0.0313     0.1814    35.0702 9.1946e+02     0.0985    551.024    35.0681    35.0680     4.7544    1483.81    27.6181    27.6178 0.0000e+00
    557.000     5.9554     5.9563   3.463697   3.463795     1.9519     0.0432     0.1716    35.0697 9.1930e+02     0.0965    552.014    35.0678    35.0680     4.7564    1483.81    27.6183    27.6184 0.0000e+00
    558.000     5.9517     5.9530   3.463377   3.463505     1.9523     0.0529     0.1711    35.0693 9.1939e+02     0.1083    553.003    35.0675    35.0676     4.7532    1483.81    27.6186    27.6185 0.0000e+00
    559.000     5.9446     5.9457   3.462696   3.462799     1.9523     0.0548     0.1744    35.0685 9.1955e+02     0.1026    553.993    35.0666    35.0667     4.7582    1483.80    27.6188    27.6187 0.0000e+00
    560.000     5.9342     5.9349   3.461676   3.461806     1.9532     0.0548     0.1812    35.0674 9.1607e+02     0.0930    554.983    35.0654    35.0661     4.7676    1483.77    27.6192    27.6196 0.0000e+00
    561.000     5.9229     5.9238   3.460693   3.460786     1.9542     0.0234     0.1771    35.0675 9.1924e+02     0.0928    555.973    35.0654    35.0656     4.7730    1483.74    27.6206    27.6206 0.0000e+00
    562.000     5.9131     5.9140   3.459798   3.459897     1.9553     0.0184     0.1793    35.0672 9.1922e+02     0.0917    556.962    35.0650    35.0652     4.7809    1483.72    27.6215    27.6216 0.0000e+00
    563.000     5.9190     5.9273   3.460508   3.461222     1.9580     0.0340     0.1751    35.0678 9.1944e+02     0.1007    557.952    35.0663    35.0658     4.7816    1483.76    27.6219    27.6204 0.0000e+00
    564.000     5.9149     5.9080   3.459896   3.459403     1.9574     0.0615     0.1744    35.0645 9.1970e+02     0.0942    558.942    35.0632    35.0647     4.7714    1483.76    27.6199    27.6220 0.0000e+00
    565.000     5.8958     5.8979   3.458183   3.458419     1.9574     0.0473     0.1766    35.0648 9.1942e+02     0.0933    559.931    35.0631    35.0635     4.7791    1483.70    27.6223    27.6223 0.0000e+00
    566.000     5.8757     5.8757   3.456029   3.456134     1.9573     0.0444     0.1766    35.0612 9.1969e+02     0.0989    560.921    35.0590    35.0602     4.7849    1483.63    27.6215    27.6225 0.0000e+00
    567.000     5.8661     5.8672   3.455389   3.455490     1.9575     0.0401     0.1766    35.0635 9.1988e+02     0.0990    561.911    35.0612    35.0611     4.7910    1483.61    27.6245    27.6243 0.0000e+00
    568.000     5.8607     5.8618   3.454855   3.454964     1.9583     0.0211     0.1777    35.0625 9.1973e+02     0.0991    562.900    35.0602    35.0603     4.7978    1483.60    27.6244    27.6244 0.0000e+00
    569.000     5.8588     5.8655   3.454747   3.455391     1.9601     0.0139     0.1769    35.0625 9.1903e+02     0.0994    563.890    35.0604    35.0608     4.8067    1483.61    27.6249    27.6243 0.0000e+00
    570.000     5.8629     5.8615   3.455150   3.455039     1.9624     0.0324     0.1721    35.0616 9.2033e+02     0.0969    564.880    35.0603    35.0605     4.8044    1483.64    27.6242    27.6246 0.0000e+00
    571.000     5.8483     5.8488   3.453789   3.453856     1.9625     0.0508     0.1745    35.0612 9.1976e+02     0.0992    565.869    35.0595    35.0597     4.8076    1483.60    27.6255    27.6256 0.0000e+00
    572.000     5.8429     5.8437   3.453327   3.453404     1.9624     0.0610     0.1769    35.0610 9.1945e+02     0.1013    566.859    35.0593    35.0594     4.8110    1483.60    27.6260    27.6260 0.0000e+00
    573.000     5.8267     5.8252   3.451606   3.451548     1.9633     0.0396     0.1841    35.0582 9.1955e+02     0.0955    567.849    35.0562    35.0570     4.8223    1483.54    27.6256    27.6264 0.0000e+00
    574.000     5.8075     5.8077   3.450032   3.450084     1.9643     0.0273     0.1810    35.0600 9.1995e+02     0.0945    568.838    35.0577    35.0580     4.8280    1483.49    27.6292    27.6294 0.0000e+00
    575.000     5.8027     5.8044   3.449587   3.449778     1.9652     0.0300     0.1803    35.0592 9.1980e+02     0.1034    569.828    35.0570    35.0574     4.8330    1483.48    27.6293    27.6294 0.0000e+00
    576.000     5.7826     5.7891   3.447599   3.448301     1.9673     0.0387     0.1806    35.0573 9.1979e+02     0.1032    570.818    35.0549    35.0561     4.8448    1483.42    27.6301    27.6303 0.0000e+00
    577.000     5.7528     5.7542   3.444841   3.444971     1.9701     0.0368     0.1820    35.0566 9.1982e+02     0.0948    571.807    35.0539    35.0539     4.8607    1483.31    27.6331    27.6329 0.0000e+00
    578.000     5.7422     5.7427   3.443833   3.443905     1.9717     0.0332     0.1861    35.0557 9.1950e+02     0.1013    572.797    35.0530    35.0533     4.8669    1483.29    27.6337    27.6338 0.0000e+00
    579.000     5.7370     5.7380   3.443444   3.443541     1.9731     0.0253     0.1815    35.0560 9.1963e+02     0.1042    573.786    35.0535    35.0535     4.8719    1483.28    27.6347    27.6346 0.0000e+00
    580.000     5.7316     5.7324   3.442848   3.442965     1.9741     0.0255     0.1839    35.0542 9.1581e+02     0.1050    574.776    35.0518    35.0523     4.8759    1483.28    27.6340    27.6344 0.0000e+00
    581.000     5.7166     5.7174   3.441504   3.441596     1.9752     0.0311     0.1839    35.0542 9.1991e+02     0.0989    575.766    35.0516    35.0518     4.8836    1483.23    27.6358    27.6358 0.0000e+00
    582.000     5.7099     5.7108   3.440930   3.441024     1.9767     0.0328     0.1822    35.0540 9.2007e+02     0.0965    576.755    35.0515    35.0516     4.8884    1483.22    27.6365    27.6365 0.0000e+00
    583.000     5.7030     5.7041   3.440327   3.440419     1.9787     0.0445     0.1831    35.0536 9.1970e+02     0.0936    577.745    35.0513    35.0512     4.8977    1483.21    27.6373    27.6370 0.0000e+00
    584.000     5.7006     5.7015   3.440187   3.440246     1.9806     0.0419     0.1707    35.0536 9.1969e+02     0.0943    578.734    35.0517    35.0514     4.9005    1483.22    27.6379    27.6376 0.0000e+00
    585.000     5.6996     5.7006   3.440147   3.440233     1.9816     0.0411     0.1759    35.0534 9.2016e+02     0.0985    579.724    35.0517    35.0517     4.9011    1483.23    27.6380    27.6379 0.0000e+00
    586.000     5.6966     5.6977   3.439891   3.439996     1.9818     0.0253     0.1742    35.0531 9.2012e+02     0.1005    580.714    35.0515    35.0515     4.8992    1483.23    27.6382    27.6381 0.0000e+00
    587.000     5.6901     5.6912   3.439320   3.439426     1.9819     0.0255     0.1789    35.0528 9.1972e+02     0.1020    581.703    35.0511    35.0513     4.9020    1483.22    27.6388    27.6388 0.0000e+00
    588.000     5.6862     5.6870   3.439016   3.439085     1.9821     0.0255     0.1807    35.0529 9.1939e+02     0.1049    582.693    35.0513    35.0512     4.9081    1483.22    27.6394    27.6392 0.0000e+00
    589.000     5.6852     5.6861   3.438958   3.439031     1.9831     0.0182     0.1788    35.0526 9.1943e+02     0.0914    583.682    35.0512    35.0511     4.9134    1483.24    27.6394    27.6392 0.0000e+00
    590.000     5.6840     5.6849   3.438915   3.438977     1.9840     0.0290     0.1795    35.0526 9.1812e+02     0.0942    584.672    35.0514    35.0512     4.9135    1483.25    27.6397    27.6394 0.0000e+00
    591.000     5.6878     5.6882   3.439478   3.439451     1.9842     0.0284     0.1849    35.0542 9.1975e+02     0.1087    585.661    35.0533    35.0527     4.9112    1483.28    27.6408    27.6402 0.0000e+00
    592.000     5.6912     5.6923   3.439900   3.440010     1.9844     0.0389     0.1768    35.0548 9.1961e+02     0.1063    586.651    35.0541    35.0543     4.9140    1483.31    27.6410    27.6410 0.0000e+00
    593.000     5.6892     5.6901   3.439754   3.439824     1.9848     0.0262     0.1813    35.0546 9.1936e+02     0.0953    587.641    35.0540    35.0539     4.9183    1483.32    27.6412    27.6410 0.0000e+00
    594.000     5.6840     5.6839   3.439244   3.439234     1.9855     0.0321     0.1769    35.0539 9.2014e+02     0.0896    588.630    35.0531    35.0531     4.9247    1483.32    27.6412    27.6412 0.0000e+00
    595.000     5.6798     5.6805   3.438844   3.438930     1.9865     0.0331     0.1814    35.0532 9.1981e+02     0.0917    589.620    35.0525    35.0526     4.9270    1483.32    27.6412    27.6412 0.0000e+00
    596.000     5.6763     5.6777   3.438658   3.438799     1.9867     0.0223     0.1803    35.0542 9.2011e+02     0.1062    590.609    35.0535    35.0536     4.9251    1483.32    27.6424    27.6423 0.0000e+00
    597.000     5.6749     5.6759   3.438587   3.438684     1.9870     0.0237     0.1806    35.0542 9.2009e+02     0.0966    591.599    35.0535    35.0537     4.9263    1483.33    27.6426    27.6426 0.0000e+00
    598.000     5.6721     5.6729   3.438366   3.438411     1.9870     0.0343     0.1800    35.0541 9.1977e+02     0.0988    592.588    35.0534    35.0532     4.9285    1483.34    27.6429    27.6426 0.0000e+00
    599.000     5.6712     5.6723   3.438309   3.438415     1.9876     0.0338     0.1779    35.0539 9.2005e+02     0.0964    593.578    35.0532    35.0533     4.9325    1483.35    27.6429    27.6428 0.0000e+00
    600.000     5.6678     5.6689   3.437940   3.438085     1.9878     0.0390     0.1754    35.0528 9.1750e+02     0.0920    594.567    35.0521    35.0526     4.9317    1483.35    27.6425    27.6427 0.0000e+00
    601.000     5.6476     5.6488   3.435924   3.436056     1.9879     0.0322     0.1756    35.0507 9.1990e+02     0.0937    595.557    35.0496    35.0498     4.9354    1483.28    27.6430    27.6430 0.0000e+00
    602.000     5.6483     5.6496   3.436181   3.436281     1.9883     0.0243     0.1787    35.0522 9.2010e+02     0.1040    596.546    35.0513    35.0511     4.9388    1483.30    27.6442    27.6439 0.0000e+00
    603.000     5.6476     5.6484   3.436142   3.436239     1.9888     0.0192     0.1837    35.0519 9.1957e+02     0.1085    597.536    35.0511    35.0514     4.9433    1483.32    27.6441    27.6443 0.0000e+00
    604.000     5.6431     5.6441   3.435855   3.435937     1.9894     0.0316     0.1794    35.0528 9.1976e+02     0.1039    598.525    35.0519    35.0519     4.9465    1483.32    27.6454    27.6452 0.0000e+00
    605.000     5.6451     5.6460   3.436207   3.436273     1.9902     0.0178     0.1839    35.0540 9.1946e+02     0.0971    599.515    35.0534    35.0532     4.9509    1483.34    27.6463    27.6460 0.0000e+00
    606.000     5.6426     5.6436   3.436138   3.436221     1.9908     0.0464     0.1815    35.0553 9.1981e+02     0.0964    600.504    35.0546    35.0546     4.9552    1483.35    27.6476    27.6474 0.0000e+00
    607.000     5.6453     5.6466   3.436824   3.436891     1.9918     0.0210     0.1814    35.0596 9.1950e+02     0.1013    601.494    35.0591    35.0586     4.9569    1483.38    27.6508    27.6502 0.0000e+00
    608.000     5.6555     5.6569   3.438054   3.438154     1.9919     0.0173     0.1814    35.0622 9.1944e+02     0.1036    602.483    35.0621    35.0618     4.9584    1483.45    27.6519    27.6515 0.0000e+00
    609.000     5.6556     5.6569   3.438153   3.438282     1.9933     0.0407     0.1814    35.0627 9.1972e+02     0.1038    603.473    35.0626    35.0627     4.9668    1483.46    27.6523    27.6523 0.0000e+00
    610.000     5.6565     5.6573   3.438290   3.438370     1.9941     0.0401     0.1790    35.0629 9.1924e+02     0.1038    604.462    35.0628    35.0628     4.9686    1483.48    27.6524    27.6523 0.0000e+00
    611.000     5.6563     5.6571   3.438309   3.438378     1.9954     0.0418     0.1770    35.0628 9.1751e+02     0.0924    605.452    35.0627    35.0626     4.9719    1483.50    27.6523    27.6522 0.0000e+00
    612.000     5.6537     5.6558   3.438082   3.438259     1.9969     0.0147     0.1751    35.0624 9.2012e+02     0.0999    606.441    35.0623    35.0621     4.9718    1483.50    27.6523    27.6520 0.0000e+00
