05_ctd/ctd_files/ar43_004.cnv
* Sea-Bird SBE 9 Data File:
* FileName = D:\Data\AR43_004.hex
* Software Version Seasave V 7.26.7.121
* Temperature SN = 4252
* Conductivity SN = 1860
* Number of Bytes Per Scan = 40
* Number of Voltage Words = 5
* Number of Scans Averaged by the Deck Unit = 1
* NMEA Latitude = 39 31.05 N
* NMEA Longitude = 070 44.77 W
* NMEA UTC (Time) = Mar 13 2020  16:10:40
** Cruise ID: AR43
** Chief Sci:
** Station #:
** Site ID:
# nquan = 19
# nvalues = 2019                        
# units = specified
# name 0 = prDM: Pressure, Digiquartz [db]
# name 1 = t090C: Temperature [ITS-90, deg C]
# name 2 = t190C: Temperature, 2 [ITS-90, deg C]
# name 3 = c0S/m: Conductivity [S/m]
# name 4 = c1S/m: Conductivity, 2 [S/m]
# name 5 = sbeox0V: Oxygen raw, SBE 43 [V]
# name 6 = flECO-AFL: Fluorescence, WET Labs ECO-AFL/FL [mg/m^3]
# name 7 = turbWETntu0: Turbidity, WET Labs ECO [NTU]
# name 8 = sal00: Salinity, Practical [PSU]
# name 9 = spar: SPAR, Biospherical/Licor
# name 10 = v6: Voltage 6
# name 11 = depSM: Depth [salt water, m], lat = 39.5175
# name 12 = sal00: Salinity, Practical [PSU]
# name 13 = sal11: Salinity, Practical, 2 [PSU]
# name 14 = sbeox0ML/L: Oxygen, SBE 43 [ml/l], WS = 2
# name 15 = svCM: Sound Velocity [Chen-Millero, m/s]
# name 16 = sigma-é00: Density [sigma-theta, kg/m^3]
# name 17 = sigma-é11: Density, 2 [sigma-theta, kg/m^3]
# name 18 = flag: flag
# span 0 =      2.000,   1012.000       
# span 1 =     4.3399,    14.4784       
# span 2 =     4.3408,    14.4801       
# span 3 =   3.328310,   4.333380       
# span 4 =   3.328425,   4.333456       
# span 5 =     1.5615,     2.7215       
# span 6 =    -0.0087,     0.9291       
# span 7 =     0.1676,     0.2137       
# span 8 =    34.9762,    35.7969       
# span 9 = 9.1203e+02, 9.3206e+02       
# span 10 =     0.0759,     0.1174      
# span 11 =      1.985,   1001.849      
# span 12 =    34.9761,    35.8007      
# span 13 =    34.9765,    35.8066      
# span 14 =     2.9577,     5.8304      
# span 15 =    1482.71,    1508.25      
# span 16 =    26.5589,    27.7419      
# span 17 =    26.5597,    27.7421      
# span 18 = 0.0000e+00, 0.0000e+00      
# interval = decibars: 1                
# start_time = Mar 13 2020 16:10:40 [NMEA time, header]
# bad_flag = -9.990e-29
*END*
[from data line 153]
    157.000    13.7569    13.7554   4.254553   4.254837     1.8962     0.0302     0.1867    35.7354 9.2032e+02     0.0903    155.745    35.7275    35.7315     3.5602    1506.14    26.8055    26.8089 0.0000e+00
    158.000    13.7306    13.7308   4.252434   4.252555     1.8849     0.0274     0.1874    35.7395 9.1828e+02     0.0918    156.736    35.7317    35.7326     3.5371    1506.08    26.8143    26.8150 0.0000e+00
    159.000    13.6860    13.6868   4.247266   4.247620     1.8715     0.0166     0.1857    35.7321 9.2046e+02     0.0972    157.728    35.7243    35.7268     3.5124    1505.94    26.8179    26.8197 0.0000e+00
    160.000    13.6441    13.6446   4.243079   4.243306     1.8568     0.0305     0.1855    35.7310 9.2073e+02     0.0948    158.720    35.7235    35.7251     3.4916    1505.82    26.8261    26.8272 0.0000e+00
    161.000    13.6366    13.6372   4.242452   4.242646     1.8490     0.0389     0.1799    35.7307 9.2089e+02     0.0906    159.711    35.7241    35.7254     3.4844    1505.81    26.8281    26.8290 0.0000e+00
    162.000    13.6361    13.6369   4.242475   4.242671     1.8453     0.0248     0.1873    35.7303 9.2102e+02     0.0925    160.703    35.7244    35.7256     3.4812    1505.82    26.8285    26.8292 0.0000e+00
    163.000    13.6291    13.6294   4.241720   4.241904     1.8421     0.0287     0.1911    35.7288 9.2115e+02     0.0954    161.694    35.7234    35.7248     3.4688    1505.82    26.8292    26.8302 0.0000e+00
    164.000    13.6004    13.6005   4.238334   4.238650     1.8361     0.0374     0.1886    35.7233 9.2099e+02     0.0976    162.686    35.7178    35.7207     3.4449    1505.73    26.8309    26.8331 0.0000e+00
    165.000    13.5471    13.5477   4.232882   4.233143     1.8263     0.0300     0.1846    35.7219 9.2094e+02     0.0873    163.678    35.7159    35.7178     3.4191    1505.57    26.8404    26.8418 0.0000e+00
    166.000    13.5260    13.5270   4.231072   4.231343     1.8115     0.0356     0.1880    35.7235 9.2068e+02     0.0937    164.669    35.7181    35.7197     3.3663    1505.52    26.8466    26.8476 0.0000e+00
    167.000    13.4962    13.4950   4.228288   4.228420     1.7898     0.0180     0.1836    35.7245 9.1850e+02     0.0961    165.661    35.7192    35.7216     3.2765    1505.44    26.8536    26.8557 0.0000e+00
    168.000    13.4345    13.4321   4.221821   4.221935     1.7689     0.0252     0.1861    35.7217 9.2119e+02     0.0940    166.652    35.7154    35.7187     3.2175    1505.25    26.8634    26.8665 0.0000e+00
    169.000    13.3848    13.3830   4.216493   4.216615     1.7523     0.0386     0.1863    35.7181 9.2093e+02     0.0901    167.644    35.7111    35.7139     3.1855    1505.10    26.8703    26.8729 0.0000e+00
    170.000    13.3084    13.3058   4.207590   4.207885     1.7377     0.0458     0.1865    35.7062 9.2071e+02     0.0900    168.635    35.6978    35.7031     3.1642    1504.85    26.8757    26.8804 0.0000e+00
    171.000    13.2434    13.2431   4.201235   4.201439     1.7239     0.0189     0.1887    35.7071 9.2066e+02     0.0963    169.627    35.6979    35.7002     3.1528    1504.65    26.8892    26.8910 0.0000e+00
    172.000    13.2109    13.2109   4.197747   4.197905     1.7112     0.0276     0.1872    35.7034 9.2085e+02     0.0907    170.619    35.6949    35.6964     3.1497    1504.56    26.8935    26.8947 0.0000e+00
    173.000    13.1967    13.1975   4.196245   4.196443     1.7024     0.0233     0.1889    35.7006 9.2035e+02     0.0924    171.610    35.6935    35.6947     3.1471    1504.53    26.8954    26.8961 0.0000e+00
    174.000    13.1770    13.1773   4.193707   4.193994     1.7011     0.0389     0.1931    35.6940 9.2071e+02     0.0920    172.602    35.6874    35.6899     3.1537    1504.47    26.8947    26.8965 0.0000e+00
    175.000    13.1384    13.1377   4.189378   4.189553     1.7005     0.0273     0.1863    35.6890 9.2075e+02     0.0928    173.593    35.6821    35.6843     3.1547    1504.35    26.8984    26.9003 0.0000e+00
    176.000    13.1158    13.1161   4.187115   4.187311     1.6997     0.0144     0.1832    35.6881 9.2092e+02     0.0864    174.585    35.6813    35.6829     3.1519    1504.29    26.9024    26.9036 0.0000e+00
    177.000    13.0994    13.1007   4.185421   4.185724     1.6973     0.0162     0.1878    35.6865 9.1940e+02     0.0921    175.576    35.6802    35.6819     3.1418    1504.26    26.9049    26.9060 0.0000e+00
    178.000    13.0868    13.0887   4.184079   4.184425     1.6935     0.0338     0.1862    35.6844 9.2045e+02     0.0935    176.568    35.6788    35.6803     3.1369    1504.23    26.9064    26.9072 0.0000e+00
    179.000    13.0766    13.0770   4.182994   4.183184     1.6924     0.0303     0.1911    35.6826 9.2072e+02     0.0958    177.559    35.6776    35.6790     3.1386    1504.21    26.9076    26.9086 0.0000e+00
    180.000    13.0675    13.0685   4.182053   4.182307     1.6911     0.0328     0.1857    35.6814 9.2076e+02     0.0955    178.551    35.6768    35.6782     3.1342    1504.19    26.9088    26.9097 0.0000e+00
    181.000    13.0621    13.0633   4.181541   4.181782     1.6896     0.0176     0.1777    35.6807 9.2020e+02     0.0942    179.542    35.6765    35.6777     3.1299    1504.19    26.9098    26.9104 0.0000e+00
    182.000    13.0536    13.0540   4.180591   4.180766     1.6881     0.0174     0.1785    35.6790 9.2066e+02     0.0925    180.534    35.6750    35.6763     3.1265    1504.18    26.9103    26.9112 0.0000e+00
    183.000    13.0418    13.0418   4.179350   4.179503     1.6863     0.0460     0.1887    35.6776 9.2057e+02     0.0833    181.525    35.6738    35.6753     3.1212    1504.16    26.9118    26.9130 0.0000e+00
    184.000    13.0335    13.0342   4.178515   4.178725     1.6831     0.0257     0.1816    35.6766 9.2023e+02     0.0908    182.517    35.6732    35.6746     3.1135    1504.14    26.9130    26.9140 0.0000e+00
    185.000    13.0092    13.0064   4.175726   4.175562     1.6790     0.0335     0.1833    35.6723 9.2032e+02     0.0938    183.508    35.6690    35.6701     3.1012    1504.08    26.9147    26.9161 0.0000e+00
    186.000    12.9688    12.9663   4.171125   4.171145     1.6748     0.0328     0.1839    35.6665 9.1788e+02     0.0866    184.500    35.6626    35.6652     3.0856    1503.95    26.9180    26.9204 0.0000e+00
    187.000    12.9442    12.9449   4.168550   4.168824     1.6698     0.0328     0.1887    35.6649 9.2021e+02     0.0892    185.491    35.6608    35.6628     3.0651    1503.88    26.9215    26.9229 0.0000e+00
    188.000    12.9105    12.9100   4.164813   4.165011     1.6646     0.0239     0.1909    35.6609 9.2041e+02     0.0904    186.483    35.6563    35.6587     3.0472    1503.78    26.9248    26.9268 0.0000e+00
    189.000    12.8507    12.8483   4.157485   4.157730     1.6584     0.0111     0.1936    35.6479 9.2025e+02     0.0898    187.474    35.6421    35.6466     3.0306    1503.58    26.9258    26.9298 0.0000e+00
    190.000    12.7922    12.7912   4.151424   4.151596     1.6514     0.0235     0.1894    35.6454 9.2039e+02     0.0855    188.466    35.6386    35.6412     3.0161    1503.40    26.9349    26.9371 0.0000e+00
    191.000    12.6686    12.6718   4.137130   4.138003     1.6424     0.0348     0.1825    35.6267 9.2026e+02     0.0939    189.457    35.6175    35.6229     3.0081    1502.98    26.9431    26.9467 0.0000e+00
    192.000    12.6248    12.6674   4.132785   4.137926     1.6314     0.0220     0.1847    35.6245 9.2018e+02     0.0968    190.449    35.6166    35.6258     3.0013    1502.85    26.9511    26.9498 0.0000e+00
    193.000    12.5736    12.5719   4.127348   4.127285     1.6271     0.0330     0.1818    35.6200 9.2031e+02     0.0875    191.440    35.6121    35.6132     2.9979    1502.69    26.9579    26.9590 0.0000e+00
    194.000    12.5667    12.5676   4.126646   4.126849     1.6254     0.0495     0.1832    35.6188 9.2018e+02     0.0843    192.432    35.6115    35.6126     2.9947    1502.68    26.9588    26.9594 0.0000e+00
    195.000    12.5594    12.5594   4.125880   4.126001     1.6237     0.0530     0.1845    35.6173 9.2053e+02     0.0903    193.423    35.6105    35.6117     2.9945    1502.67    26.9595    26.9604 0.0000e+00
    196.000    12.5284    12.5303   4.121804   4.122401     1.6232     0.0476     0.1863    35.6071 9.2062e+02     0.0952    194.414    35.6001    35.6040     3.0011    1502.57    26.9575    26.9602 0.0000e+00
    197.000    12.4748    12.4762   4.116529   4.116834     1.6233     0.0399     0.1881    35.6069 9.1878e+02     0.0950    195.406    35.5995    35.6010     3.0086    1502.40    26.9676    26.9686 0.0000e+00
    198.000    12.4595    12.4630   4.114958   4.115484     1.6245     0.0282     0.1874    35.6045 9.2034e+02     0.0896    196.397    35.5983    35.6000     3.0125    1502.37    26.9697    26.9704 0.0000e+00
    199.000    12.4513    12.4535   4.114111   4.114482     1.6244     0.0073     0.1889    35.6029 9.1992e+02     0.0999    197.389    35.5975    35.5989     3.0117    1502.36    26.9708    26.9714 0.0000e+00
    200.000    12.4462    12.4474   4.113558   4.113804     1.6244     0.0297     0.1904    35.6015 9.2019e+02     0.0900    198.380    35.5965    35.5977     3.0128    1502.35    26.9710    26.9717 0.0000e+00
    201.000    12.4366    12.4380   4.112475   4.112772     1.6244     0.0405     0.1912    35.5994 9.1991e+02     0.0887    199.372    35.5947    35.5962     3.0144    1502.34    26.9715    26.9724 0.0000e+00
    202.000    12.4312    12.4324   4.111966   4.112213     1.6247     0.0401     0.1912    35.5988 9.2043e+02     0.0916    200.363    35.5944    35.5957     3.0175    1502.33    26.9724    26.9732 0.0000e+00
    203.000    12.4283    12.4291   4.111676   4.111851     1.6254     0.0060     0.1911    35.5979 9.2030e+02     0.0964    201.354    35.5939    35.5949     3.0191    1502.34    26.9726    26.9732 0.0000e+00
    204.000    12.4258    12.4264   4.111419   4.111605     1.6253     0.0318     0.1887    35.5969 9.1984e+02     0.0951    202.346    35.5934    35.5947     3.0159    1502.35    26.9727    26.9736 0.0000e+00
    205.000    12.4018    12.4016   4.108553   4.108732     1.6240     0.0291     0.1881    35.5915 9.2064e+02     0.0874    203.337    35.5880    35.5898     3.0108    1502.28    26.9732    26.9747 0.0000e+00
    206.000    12.3494    12.3489   4.102786   4.102973     1.6224     0.0187     0.1914    35.5857 9.1921e+02     0.0947    204.329    35.5813    35.5836     3.0080    1502.11    26.9784    26.9802 0.0000e+00
    207.000    12.3212    12.3234   4.099607   4.100089     1.6201     0.0247     0.1863    35.5813 9.1938e+02     0.0993    205.320    35.5768    35.5793     3.0018    1502.02    26.9804    26.9819 0.0000e+00
    208.000    12.2734    12.2750   4.094407   4.094772     1.6172     0.0406     0.1837    35.5762 9.2026e+02     0.1031    206.311    35.5712    35.5732     2.9975    1501.87    26.9854    26.9866 0.0000e+00
    209.000    12.2502    12.2508   4.091909   4.092093     1.6148     0.0309     0.1828    35.5734 9.2001e+02     0.0903    207.303    35.5685    35.5698     2.9944    1501.81    26.9878    26.9887 0.0000e+00
    210.000    12.2337    12.2345   4.090007   4.090258     1.6132     0.0244     0.1864    35.5701 9.1976e+02     0.0856    208.294    35.5653    35.5670     2.9934    1501.76    26.9886    26.9897 0.0000e+00
    211.000    12.1832    12.1830   4.083815   4.084201     1.6122     0.0323     0.1910    35.5583 9.2012e+02     0.0848    209.286    35.5526    35.5566     2.9979    1501.59    26.9885    26.9916 0.0000e+00
    212.000    12.1285    12.1289   4.078144   4.078444     1.6120     0.0257     0.1888    35.5555 9.2042e+02     0.0985    210.277    35.5489    35.5515     3.0045    1501.42    26.9963    26.9982 0.0000e+00
    213.000    12.0749    12.0748   4.072186   4.072417     1.6121     0.0255     0.1869    35.5486 9.2008e+02     0.0983    211.268    35.5414    35.5437     3.0100    1501.25    27.0007    27.0026 0.0000e+00
    214.000    12.0450    12.0464   4.069061   4.069390     1.6123     0.0169     0.1820    35.5460 9.2024e+02     0.0982    212.260    35.5389    35.5408     3.0118    1501.16    27.0046    27.0058 0.0000e+00
    215.000    12.0241    12.0266   4.066902   4.067297     1.6113     0.0377     0.1858    35.5435 9.2027e+02     0.0921    213.251    35.5372    35.5387     3.0069    1501.10    27.0074    27.0081 0.0000e+00
    216.000    12.0092    12.0097   4.065247   4.065450     1.6098     0.0420     0.1948    35.5401 9.1836e+02     0.0952    214.242    35.5349    35.5364     3.0067    1501.06    27.0084    27.0095 0.0000e+00
    217.000    11.9896    11.9901   4.062997   4.063219     1.6096     0.0272     0.1883    35.5363 9.2031e+02     0.0904    215.234    35.5311    35.5328     3.0088    1501.01    27.0093    27.0105 0.0000e+00
    218.000    11.9656    11.9660   4.060447   4.060667     1.6097     0.0245     0.1864    35.5339 9.2057e+02     0.0921    216.225    35.5286    35.5304     3.0107    1500.94    27.0119    27.0132 0.0000e+00
    219.000    11.9518    11.9521   4.059023   4.059192     1.6095     0.0181     0.1863    35.5326 9.2041e+02     0.0928    217.216    35.5273    35.5288     3.0109    1500.91    27.0136    27.0147 0.0000e+00
    220.000    11.9338    11.9346   4.057086   4.057349     1.6090     0.0318     0.1863    35.5303 9.2075e+02     0.0874    218.208    35.5251    35.5269     3.0141    1500.86    27.0153    27.0166 0.0000e+00
    221.000    11.8568    11.8591   4.048365   4.048923     1.6106     0.0284     0.1863    35.5192 9.2061e+02     0.0950    219.199    35.5126    35.5159     3.0310    1500.60    27.0203    27.0225 0.0000e+00
    222.000    11.8190    11.8216   4.044713   4.045105     1.6135     0.0307     0.1862    35.5186 9.2076e+02     0.0956    220.190    35.5124    35.5138     3.0407    1500.49    27.0274    27.0280 0.0000e+00
    223.000    11.8058    11.8065   4.043295   4.043487     1.6159     0.0302     0.1857    35.5159 9.2048e+02     0.0965    221.182    35.5107    35.5119     3.0460    1500.46    27.0286    27.0295 0.0000e+00
    224.000    11.7885    11.7890   4.041228   4.041472     1.6166     0.0230     0.1872    35.5116 9.2008e+02     0.0903    222.173    35.5065    35.5084     3.0536    1500.41    27.0286    27.0301 0.0000e+00
    225.000    11.7451    11.7449   4.036289   4.036548     1.6189     0.0273     0.1863    35.5047 9.2046e+02     0.0892    223.164    35.4989    35.5017     3.0695    1500.27    27.0310    27.0333 0.0000e+00
    226.000    11.7030    11.7044   4.031833   4.032234     1.6213     0.0400     0.1863    35.5013 9.2067e+02     0.0918    224.156    35.4949    35.4975     3.0797    1500.13    27.0359    27.0376 0.0000e+00
    227.000    11.6854    11.6862   4.030191   4.030381     1.6236     0.0309     0.1862    35.5014 9.1778e+02     0.0952    225.147    35.4951    35.4962     3.0828    1500.09    27.0394    27.0401 0.0000e+00
    228.000    11.6772    11.6750   4.029326   4.029177     1.6252     0.0217     0.1848    35.4996 9.2037e+02     0.0928    226.138    35.4940    35.4946     3.0844    1500.08    27.0401    27.0410 0.0000e+00
    229.000    11.6706    11.6709   4.028685   4.028813     1.6268     0.0352     0.1883    35.4984 9.2060e+02     0.0907    227.129    35.4936    35.4945     3.0844    1500.07    27.0411    27.0417 0.0000e+00
    230.000    11.6645    11.6640   4.028035   4.028093     1.6268     0.0199     0.1902    35.4967 9.2049e+02     0.0902    228.121    35.4925    35.4936     3.0804    1500.06    27.0414    27.0424 0.0000e+00
    231.000    11.6612    11.6625   4.027724   4.027971     1.6258     0.0329     0.1837    35.4960 9.2055e+02     0.0854    229.112    35.4922    35.4934     3.0761    1500.07    27.0418    27.0425 0.0000e+00
