05_ctd/ctd_files/ar43_005.cnv
* Sea-Bird SBE 9 Data File:
* FileName = D:\Data\AR43_005.hex
* Software Version Seasave V 7.26.7.121
* Temperature SN = 4252
* Conductivity SN = 1860
* Number of Bytes Per Scan = 40
* Number of Voltage Words = 5
* Number of Scans Averaged by the Deck Unit = 1
* NMEA Latitude = 39 35.60 N
* NMEA Longitude = 070 48.49 W
* NMEA UTC (Time) = Mar 14 2020  02:36:48
** Cruise ID: AR43
** Chief Sci:
** Station #:
** Site ID:
# nquan = 19
# nvalues = 2023                        
# units = specified
# name 0 = prDM: Pressure, Digiquartz [db]
# name 1 = t090C: Temperature [ITS-90, deg C]
# name 2 = t190C: Temperature, 2 [ITS-90, deg C]
# name 3 = c0S/m: Conductivity [S/m]
# name 4 = c1S/m: Conductivity, 2 [S/m]
# name 5 = sbeox0V: Oxygen raw, SBE 43 [V]
# name 6 = flECO-AFL: Fluorescence, WET Labs ECO-AFL/FL [mg/m^3]
# name 7 = turbWETntu0: Turbidity, WET Labs ECO [NTU]
# name 8 = sal00: Salinity, Practical [PSU]
# name 9 = spar: SPAR, Biospherical/Licor
# name 10 = v6: Voltage 6
# name 11 = depSM: Depth [salt water, m], lat = 39.5933
# name 12 = sal00: Salinity, Practical [PSU]
# name 13 = sal11: Salinity, Practical, 2 [PSU]
# name 14 = sbeox0ML/L: Oxygen, SBE 43 [ml/l], WS = 2
# name 15 = svCM: Sound Velocity [Chen-Millero, m/s]
# name 16 = sigma-é00: Density [sigma-theta, kg/m^3]
# name 17 = sigma-é11: Density, 2 [sigma-theta, kg/m^3]
# name 18 = flag: flag
# span 0 =      2.000,   1014.000       
# span 1 =     4.3207,    14.3487       
# span 2 =     4.3202,    14.3393       
# span 3 =   3.327138,   4.309055       
# span 4 =   3.327182,   4.305606       
# span 5 =     1.5767,     2.7292       
# span 6 =     0.0030,     1.2701       
# span 7 =     0.1673,     0.2308       
# span 8 =    34.9703,    35.7674       
# span 9 = 2.7320e+02, 9.6498e+02       
# span 10 =     0.0738,     0.1185      
# span 11 =      1.985,   1003.817      
# span 12 =    34.9702,    35.7652      
# span 13 =    34.3973,    36.7938      
# span 14 =     2.9840,     5.8271      
# span 15 =    1482.18,    1507.79      
# span 16 =    26.4911,    27.7392      
# span 17 =    26.4802,    28.0894      
# span 18 = 0.0000e+00, 0.0000e+00      
# interval = decibars: 1                
# start_time = Mar 14 2020 02:36:48 [NMEA time, header]
# bad_flag = -9.990e-29
*END*
[from data line 839]
    843.000     4.5986     4.6002   3.346402   3.346997     2.1092     0.0297     0.1798    34.9927 9.3007e+02     0.1030    834.875    34.9916    34.9968     5.6683    1482.95    27.7221    27.7260 0.0000e+00
    844.000     4.5965     4.5980   3.346227   3.346790     2.1092     0.0335     0.1774    34.9923 9.3035e+02     0.1037    835.863    34.9912    34.9961     5.6713    1482.96    27.7221    27.7258 0.0000e+00
    845.000     4.5912     4.5932   3.345717   3.346416     2.1104     0.0382     0.1818    34.9914 9.3044e+02     0.0977    836.852    34.9903    34.9963     5.6766    1482.95    27.7219    27.7265 0.0000e+00
    846.000     4.5880     4.5887   3.345433   3.345993     2.1111     0.0258     0.1741    34.9908 9.3029e+02     0.1050    837.840    34.9899    34.9957     5.6778    1482.95    27.7219    27.7265 0.0000e+00
    847.000     4.5819     4.5828   3.344910   3.345456     2.1115     0.0181     0.1747    34.9907 9.3036e+02     0.0972    838.829    34.9897    34.9951     5.6797    1482.94    27.7225    27.7267 0.0000e+00
    848.000     4.5796     4.5801   3.344724   3.345165     2.1119     0.0265     0.1722    34.9903 9.3030e+02     0.1031    839.817    34.9894    34.9940     5.6798    1482.95    27.7225    27.7261 0.0000e+00
    849.000     4.5781     4.5789   3.344617   3.345061     2.1117     0.0411     0.1710    34.9900 9.3027e+02     0.1019    840.805    34.9892    34.9936     5.6770    1482.96    27.7225    27.7259 0.0000e+00
    850.000     4.5770     4.5778   3.344553   3.345004     2.1114     0.0401     0.1767    34.9898 9.3036e+02     0.0998    841.794    34.9891    34.9935     5.6780    1482.97    27.7226    27.7260 0.0000e+00
    851.000     4.5743     4.5755   3.344339   3.344821     2.1116     0.0077     0.1805    34.9897 9.2749e+02     0.0914    842.782    34.9890    34.9933     5.6843    1482.98    27.7228    27.7261 0.0000e+00
    852.000     4.5746     4.5754   3.344430   3.344786     2.1116     0.0036     0.1814    34.9899 9.3032e+02     0.0916    843.770    34.9892    34.9925     5.6884    1483.00    27.7230    27.7255 0.0000e+00
    853.000     4.5737     4.5748   3.344368   3.344815     2.1124     0.0100     0.1834    34.9896 9.3056e+02     0.1052    844.759    34.9889    34.9929     5.6931    1483.01    27.7228    27.7259 0.0000e+00
    854.000     4.5738     4.5746   3.344429   3.344805     2.1128     0.0145     0.1832    34.9896 9.3052e+02     0.1073    845.747    34.9890    34.9925     5.6915    1483.03    27.7229    27.7256 0.0000e+00
    855.000     4.5779     4.5789   3.344897   3.345249     2.1118     0.0433     0.1737    34.9900 9.3044e+02     0.0986    846.735    34.9897    34.9927     5.6803    1483.06    27.7230    27.7253 0.0000e+00
    856.000     4.5804     4.5809   3.345365   3.345402     2.1115     0.0475     0.1790    34.9921 9.3051e+02     0.0992    847.723    34.9920    34.9919     5.6799    1483.09    27.7246    27.7245 0.0000e+00
    857.000     4.5863     4.5861   3.346003   3.346218     2.1111     0.0302     0.1759    34.9927 9.3018e+02     0.1001    848.712    34.9927    34.9954     5.6750    1483.13    27.7245    27.7267 0.0000e+00
    858.000     4.5847     4.5847   3.345918   3.346157     2.1108     0.0110     0.1739    34.9929 9.3036e+02     0.1009    849.700    34.9929    34.9957     5.6755    1483.14    27.7248    27.7270 0.0000e+00
    859.000     4.5821     4.5841   3.345525   3.346240     2.1104     0.0137     0.1756    34.9906 9.3081e+02     0.1050    850.688    34.9905    34.9967     5.6780    1483.14    27.7232    27.7279 0.0000e+00
    860.000     4.5673     4.5719   3.344172   3.345032     2.1104     0.0181     0.1790    34.9903 9.3037e+02     0.1050    851.677    34.9898    34.9949     5.6834    1483.10    27.7243    27.7279 0.0000e+00
    861.000     4.5655     4.5679   3.344081   3.344524     2.1104     0.0201     0.1786    34.9907 9.3036e+02     0.1027    852.665    34.9901    34.9927     5.6875    1483.11    27.7247    27.7266 0.0000e+00
    862.000     4.5592     4.5644   3.343364   3.344288     2.1106     0.0322     0.1767    34.9886 9.3036e+02     0.1014    853.653    34.9879    34.9931     5.6941    1483.10    27.7237    27.7273 0.0000e+00
    863.000     4.5608     4.5665   3.343629   3.344352     2.1131     0.0301     0.1729    34.9892 9.2988e+02     0.1005    854.641    34.9888    34.9912     5.7013    1483.12    27.7242    27.7255 0.0000e+00
    864.000     4.5572     4.5587   3.343149   3.344229     2.1123     0.0427     0.1732    34.9869 9.3037e+02     0.1001    855.630    34.9864    34.9975     5.6880    1483.12    27.7228    27.7314 0.0000e+00
    865.000     4.5445     4.5464   3.342118   3.342682     2.1120     0.0475     0.1766    34.9881 9.3051e+02     0.1011    856.618    34.9873    34.9919     5.6967    1483.08    27.7249    27.7283 0.0000e+00
    866.000     4.5409     4.5435   3.341778   3.342426     2.1124     0.0421     0.1816    34.9874 9.3007e+02     0.1013    857.606    34.9866    34.9914     5.7036    1483.09    27.7247    27.7282 0.0000e+00
    867.000     4.5389     4.5405   3.341639   3.342128     2.1124     0.0402     0.1833    34.9874 9.3004e+02     0.1002    858.595    34.9866    34.9905     5.7057    1483.09    27.7249    27.7279 0.0000e+00
    868.000     4.5371     4.5388   3.341498   3.341989     2.1129     0.0332     0.1791    34.9872 9.3034e+02     0.1003    859.583    34.9863    34.9903     5.7067    1483.10    27.7249    27.7279 0.0000e+00
    869.000     4.5326     4.5347   3.341105   3.341682     2.1129     0.0328     0.1790    34.9868 9.3014e+02     0.1013    860.571    34.9859    34.9905     5.7099    1483.10    27.7251    27.7285 0.0000e+00
    870.000     4.5296     4.5310   3.340833   3.341378     2.1135     0.0240     0.1761    34.9863 9.3010e+02     0.1031    861.559    34.9854    34.9903     5.7130    1483.10    27.7251    27.7288 0.0000e+00
    871.000     4.5244     4.5256   3.340341   3.340879     2.1141     0.0239     0.1760    34.9855 9.3016e+02     0.1056    862.548    34.9847    34.9896     5.7166    1483.10    27.7250    27.7288 0.0000e+00
    872.000     4.5223     4.5224   3.340204   3.340544     2.1149     0.0319     0.1758    34.9854 9.3032e+02     0.0983    863.536    34.9846    34.9885     5.7207    1483.11    27.7253    27.7283 0.0000e+00
    873.000     4.5217     4.5220   3.340192   3.340494     2.1153     0.0341     0.1735    34.9852 9.3007e+02     0.0951    864.524    34.9846    34.9879     5.7158    1483.12    27.7253    27.7279 0.0000e+00
    874.000     4.5206     4.5219   3.340114   3.340521     2.1148     0.0246     0.1779    34.9850 9.3036e+02     0.0969    865.512    34.9844    34.9878     5.7110    1483.13    27.7253    27.7278 0.0000e+00
    875.000     4.5168     4.5185   3.339751   3.340267     2.1142     0.0108     0.1813    34.9844 9.2827e+02     0.1026    866.500    34.9837    34.9879     5.7127    1483.13    27.7251    27.7283 0.0000e+00
    876.000     4.5144     4.5158   3.339566   3.340005     2.1142     0.0375     0.1770    34.9842 9.2933e+02     0.1017    867.489    34.9836    34.9872     5.7178    1483.14    27.7253    27.7280 0.0000e+00
    877.000     4.5142     4.5150   3.339600   3.339932     2.1142     0.0401     0.1766    34.9843 9.2998e+02     0.1001    868.477    34.9836    34.9867     5.7168    1483.15    27.7254    27.7277 0.0000e+00
    878.000     4.5150     4.5153   3.339714   3.340015     2.1139     0.0356     0.1749    34.9842 9.3043e+02     0.0971    869.465    34.9837    34.9868     5.7145    1483.17    27.7253    27.7278 0.0000e+00
    879.000     4.5152     4.5152   3.339785   3.340035     2.1135     0.0289     0.1706    34.9841 9.3028e+02     0.1047    870.453    34.9837    34.9867     5.7190    1483.19    27.7253    27.7277 0.0000e+00
    880.000     4.5152     4.5150   3.339819   3.340053     2.1140     0.0283     0.1743    34.9840 9.3036e+02     0.1018    871.441    34.9836    34.9865     5.7232    1483.21    27.7253    27.7277 0.0000e+00
    881.000     4.5142     4.5145   3.339761   3.340026     2.1146     0.0391     0.1767    34.9838 9.3002e+02     0.1031    872.430    34.9835    34.9862     5.7289    1483.22    27.7253    27.7274 0.0000e+00
    882.000     4.5129     4.5142   3.339673   3.340059     2.1153     0.0257     0.1751    34.9836 9.3047e+02     0.1058    873.418    34.9833    34.9864     5.7267    1483.23    27.7253    27.7277 0.0000e+00
    883.000     4.5103     4.5111   3.339467   3.339813     2.1150     0.0159     0.1750    34.9834 9.3036e+02     0.1021    874.406    34.9831    34.9863     5.7227    1483.24    27.7254    27.7279 0.0000e+00
    884.000     4.5075     4.5089   3.339215   3.339644     2.1146     0.0256     0.1766    34.9830 9.3009e+02     0.0976    875.394    34.9826    34.9861     5.7205    1483.24    27.7254    27.7280 0.0000e+00
    885.000     4.5050     4.5063   3.339043   3.339424     2.1142     0.0195     0.1807    34.9831 9.2985e+02     0.0957    876.382    34.9827    34.9858     5.7218    1483.25    27.7257    27.7281 0.0000e+00
    886.000     4.4899     4.4984   3.337457   3.338802     2.1139     0.0217     0.1801    34.9805 9.3034e+02     0.0941    877.370    34.9796    34.9863     5.7276    1483.20    27.7249    27.7293 0.0000e+00
    887.000     4.4855     4.4900   3.337051   3.337947     2.1141     0.0453     0.1702    34.9799 9.3052e+02     0.1012    878.359    34.9790    34.9846     5.7316    1483.19    27.7249    27.7289 0.0000e+00
    888.000     4.4789     4.4821   3.336512   3.337136     2.1142     0.0390     0.1719    34.9801 9.3047e+02     0.1054    879.347    34.9791    34.9830     5.7350    1483.18    27.7257    27.7285 0.0000e+00
    889.000     4.4836     4.4899   3.337023   3.337800     2.1151     0.0312     0.1773    34.9803 9.2965e+02     0.1001    880.335    34.9797    34.9820     5.7391    1483.22    27.7257    27.7269 0.0000e+00
    890.000     4.4817     4.4827   3.336829   3.337350     2.1154     0.0290     0.1754    34.9794 9.3027e+02     0.0998    881.323    34.9788    34.9839     5.7385    1483.23    27.7252    27.7292 0.0000e+00
    891.000     4.4707     4.4720   3.335739   3.336367     2.1155     0.0350     0.1762    34.9780 9.3024e+02     0.0959    882.311    34.9772    34.9831     5.7408    1483.20    27.7251    27.7298 0.0000e+00
    892.000     4.4654     4.4676   3.335292   3.335852     2.1155     0.0399     0.1812    34.9779 9.3007e+02     0.0918    883.299    34.9770    34.9812     5.7424    1483.19    27.7256    27.7287 0.0000e+00
    893.000     4.4632     4.4647   3.335138   3.335552     2.1155     0.0346     0.1885    34.9779 9.3051e+02     0.1024    884.288    34.9770    34.9803     5.7435    1483.20    27.7259    27.7283 0.0000e+00
    894.000     4.4629     4.4641   3.335158   3.335559     2.1155     0.0323     0.1905    34.9778 9.3036e+02     0.1050    885.276    34.9770    34.9805     5.7443    1483.21    27.7259    27.7285 0.0000e+00
    895.000     4.4594     4.4614   3.334846   3.335339     2.1155     0.0184     0.1792    34.9774 9.3025e+02     0.1028    886.264    34.9766    34.9803     5.7472    1483.22    27.7259    27.7286 0.0000e+00
    896.000     4.4582     4.4592   3.334780   3.335170     2.1157     0.0300     0.1789    34.9773 9.3028e+02     0.1017    887.252    34.9765    34.9801     5.7481    1483.23    27.7260    27.7287 0.0000e+00
    897.000     4.4564     4.4571   3.334665   3.335010     2.1160     0.0247     0.1740    34.9773 9.3037e+02     0.0960    888.240    34.9766    34.9798     5.7525    1483.24    27.7263    27.7288 0.0000e+00
    898.000     4.4563     4.4567   3.334752   3.334992     2.1159     0.0261     0.1782    34.9777 9.3036e+02     0.1025    889.228    34.9772    34.9796     5.7486    1483.25    27.7268    27.7287 0.0000e+00
    899.000     4.4586     4.4587   3.335031   3.335262     2.1159     0.0180     0.1772    34.9780 9.2896e+02     0.1011    890.216    34.9776    34.9801     5.7472    1483.28    27.7269    27.7289 0.0000e+00
    900.000     4.4559     4.4565   3.334804   3.335103     2.1156     0.0239     0.1821    34.9776 9.3038e+02     0.1001    891.204    34.9772    34.9801     5.7496    1483.29    27.7269    27.7291 0.0000e+00
    901.000     4.4619     4.4608   3.335525   3.335495     2.1155     0.0354     0.1822    34.9791 9.3027e+02     0.0966    892.192    34.9789    34.9796     5.7501    1483.33    27.7276    27.7282 0.0000e+00
    902.000     4.4670     4.4650   3.336075   3.335979     2.1157     0.0401     0.1758    34.9794 9.3026e+02     0.0993    893.181    34.9794    34.9804     5.7504    1483.37    27.7274    27.7284 0.0000e+00
    903.000     4.4718     4.4714   3.336635   3.336693     2.1155     0.0341     0.1727    34.9803 9.3015e+02     0.0990    894.169    34.9804    34.9815     5.7485    1483.40    27.7277    27.7286 0.0000e+00
    904.000     4.4696     4.4694   3.336430   3.336631     2.1155     0.0240     0.1751    34.9797 9.3046e+02     0.0985    895.157    34.9797    34.9824     5.7507    1483.41    27.7274    27.7296 0.0000e+00
    905.000     4.4656     4.4653   3.336057   3.336285     2.1155     0.0239     0.1780    34.9792 9.3008e+02     0.1013    896.145    34.9791    34.9821     5.7522    1483.41    27.7273    27.7298 0.0000e+00
    906.000     4.4617     4.4623   3.335708   3.335994     2.1155     0.0423     0.1733    34.9789 9.3027e+02     0.1021    897.133    34.9787    34.9813     5.7531    1483.41    27.7275    27.7295 0.0000e+00
    907.000     4.4621     4.4621   3.335797   3.336019     2.1154     0.0274     0.1750    34.9789 9.3047e+02     0.0975    898.121    34.9787    34.9813     5.7530    1483.43    27.7275    27.7295 0.0000e+00
    908.000     4.4546     4.4577   3.335007   3.335666     2.1155     0.0211     0.1843    34.9772 9.3025e+02     0.0965    899.109    34.9769    34.9814     5.7568    1483.41    27.7268    27.7301 0.0000e+00
    909.000     4.4465     4.4479   3.334296   3.334736     2.1155     0.0330     0.1938    34.9772 9.3049e+02     0.1003    900.097    34.9766    34.9803     5.7579    1483.39    27.7275    27.7302 0.0000e+00
    910.000     4.4435     4.4469   3.333966   3.334612     2.1155     0.0186     0.1816    34.9760 9.3026e+02     0.1014    901.085    34.9754    34.9793     5.7606    1483.40    27.7269    27.7296 0.0000e+00
    911.000     4.4400     4.4412   3.333683   3.334086     2.1158     0.0379     0.1813    34.9758 9.3028e+02     0.0993    902.073    34.9752    34.9787     5.7667    1483.40    27.7271    27.7298 0.0000e+00
    912.000     4.4379     4.4386   3.333518   3.333840     2.1168     0.0413     0.1762    34.9756 9.2982e+02     0.0974    903.061    34.9750    34.9780     5.7694    1483.41    27.7272    27.7295 0.0000e+00
    913.000     4.4340     4.4347   3.333194   3.333520     2.1168     0.0236     0.1796    34.9754 9.3048e+02     0.0997    904.049    34.9748    34.9779     5.7674    1483.41    27.7275    27.7298 0.0000e+00
    914.000     4.4320     4.4328   3.333031   3.333384     2.1168     0.0250     0.1805    34.9752 9.3022e+02     0.1022    905.037    34.9746    34.9778     5.7689    1483.41    27.7275    27.7300 0.0000e+00
    915.000     4.4303     4.4311   3.332932   3.333247     2.1168     0.0402     0.1790    34.9752 9.3051e+02     0.1050    906.025    34.9746    34.9774     5.7713    1483.42    27.7278    27.7299 0.0000e+00
    916.000     4.4286     4.4296   3.332811   3.333155     2.1170     0.0350     0.1861    34.9751 9.3063e+02     0.1082    907.013    34.9745    34.9775     5.7759    1483.43    27.7278    27.7301 0.0000e+00
    917.000     4.4266     4.4273   3.332659   3.333002     2.1174     0.0329     0.1799    34.9749 9.3046e+02     0.1078    908.001    34.9743    34.9776     5.7765    1483.44    27.7279    27.7304 0.0000e+00
