05_ctd/ctd_files/ar43_005.cnv
* Sea-Bird SBE 9 Data File:
* FileName = D:\Data\AR43_005.hex
* Software Version Seasave V 7.26.7.121
* Temperature SN = 4252
* Conductivity SN = 1860
* Number of Bytes Per Scan = 40
* Number of Voltage Words = 5
* Number of Scans Averaged by the Deck Unit = 1
* NMEA Latitude = 39 35.60 N
* NMEA Longitude = 070 48.49 W
* NMEA UTC (Time) = Mar 14 2020  02:36:48
** Cruise ID: AR43
** Chief Sci:
** Station #:
** Site ID:
# nquan = 19
# nvalues = 2023                        
# units = specified
# name 0 = prDM: Pressure, Digiquartz [db]
# name 1 = t090C: Temperature [ITS-90, deg C]
# name 2 = t190C: Temperature, 2 [ITS-90, deg C]
# name 3 = c0S/m: Conductivity [S/m]
# name 4 = c1S/m: Conductivity, 2 [S/m]
# name 5 = sbeox0V: Oxygen raw, SBE 43 [V]
# name 6 = flECO-AFL: Fluorescence, WET Labs ECO-AFL/FL [mg/m^3]
# name 7 = turbWETntu0: Turbidity, WET Labs ECO [NTU]
# name 8 = sal00: Salinity, Practical [PSU]
# name 9 = spar: SPAR, Biospherical/Licor
# name 10 = v6: Voltage 6
# name 11 = depSM: Depth [salt water, m], lat = 39.5933
# name 12 = sal00: Salinity, Practical [PSU]
# name 13 = sal11: Salinity, Practical, 2 [PSU]
# name 14 = sbeox0ML/L: Oxygen, SBE 43 [ml/l], WS = 2
# name 15 = svCM: Sound Velocity [Chen-Millero, m/s]
# name 16 = sigma-é00: Density [sigma-theta, kg/m^3]
# name 17 = sigma-é11: Density, 2 [sigma-theta, kg/m^3]
# name 18 = flag: flag
# span 0 =      2.000,   1014.000       
# span 1 =     4.3207,    14.3487       
# span 2 =     4.3202,    14.3393       
# span 3 =   3.327138,   4.309055       
# span 4 =   3.327182,   4.305606       
# span 5 =     1.5767,     2.7292       
# span 6 =     0.0030,     1.2701       
# span 7 =     0.1673,     0.2308       
# span 8 =    34.9703,    35.7674       
# span 9 = 2.7320e+02, 9.6498e+02       
# span 10 =     0.0738,     0.1185      
# span 11 =      1.985,   1003.817      
# span 12 =    34.9702,    35.7652      
# span 13 =    34.3973,    36.7938      
# span 14 =     2.9840,     5.8271      
# span 15 =    1482.18,    1507.79      
# span 16 =    26.4911,    27.7392      
# span 17 =    26.4802,    28.0894      
# span 18 = 0.0000e+00, 0.0000e+00      
# interval = decibars: 1                
# start_time = Mar 14 2020 02:36:48 [NMEA time, header]
# bad_flag = -9.990e-29
*END*
[from data line 1143]
    881.000     4.5107     4.4566   3.339381   3.332767     2.1182     0.0267     0.1785    34.9822 9.3224e+02     0.1018    872.430    34.9827    34.9624     5.7336    1483.20    27.7251    27.7148 0.0000e+00
    880.000     4.5083     4.4648   3.339078   3.335411     2.1174     0.0227     0.1822    34.9819 9.3226e+02     0.0992    871.441    34.9822    34.9851     5.7352    1483.18    27.7249    27.7320 0.0000e+00
    879.000     4.5099     4.4678   3.339181   3.335518     2.1178     0.0070     0.1835    34.9820 9.3216e+02     0.1008    870.453    34.9822    34.9837     5.7382    1483.17    27.7248    27.7305 0.0000e+00
    878.000     4.5131     4.4701   3.339459   3.335570     2.1180     0.0072     0.1828    34.9822 9.3229e+02     0.1014    869.465    34.9826    34.9824     5.7385    1483.16    27.7247    27.7292 0.0000e+00
    877.000     4.5154     4.4718   3.339643   3.335608     2.1186     0.0403     0.1763    34.9824 9.3242e+02     0.0968    868.477    34.9828    34.9816     5.7367    1483.16    27.7246    27.7284 0.0000e+00
    876.000     4.5168     4.4734   3.339743   3.335634     2.1186     0.0395     0.1778    34.9827 9.3242e+02     0.0940    867.489    34.9831    34.9807     5.7345    1483.15    27.7247    27.7275 0.0000e+00
    875.000     4.5170     4.4752   3.339737   3.335699     2.1182     0.0327     0.1912    34.9829 9.2525e+02     0.0993    866.500    34.9833    34.9801     5.7312    1483.13    27.7248    27.7268 0.0000e+00
    874.000     4.5200     4.4770   3.340002   3.335788     2.1186     0.0406     0.1872    34.9833 9.3203e+02     0.1062    865.512    34.9838    34.9797     5.7282    1483.13    27.7248    27.7263 0.0000e+00
    873.000     4.5233     4.4793   3.340304   3.335971     2.1178     0.0519     0.1818    34.9838 9.3201e+02     0.1027    864.524    34.9843    34.9800     5.7214    1483.13    27.7249    27.7263 0.0000e+00
    872.000     4.5150     4.4866   3.339421   3.337554     2.1176     0.0250     0.1822    34.9831 9.3234e+02     0.0997    863.536    34.9832    34.9913     5.7342    1483.07    27.7249    27.7344 0.0000e+00
    871.000     4.5182     4.4896   3.339693   3.337606     2.1186     0.0273     0.1846    34.9833 9.3246e+02     0.1039    862.548    34.9835    34.9893     5.7363    1483.07    27.7248    27.7325 0.0000e+00
    870.000     4.5263     4.4910   3.340464   3.337609     2.1187     0.0328     0.1887    34.9841 9.3224e+02     0.1099    861.559    34.9846    34.9883     5.7325    1483.09    27.7247    27.7316 0.0000e+00
    869.000     4.5362     4.4922   3.341421   3.337690     2.1193     0.0328     0.1847    34.9851 9.3261e+02     0.1069    860.571    34.9858    34.9885     5.7294    1483.11    27.7246    27.7316 0.0000e+00
    868.000     4.5410     4.4934   3.341854   3.337798     2.1190     0.0328     0.1742    34.9856 9.3261e+02     0.0967    859.583    34.9864    34.9891     5.7248    1483.12    27.7245    27.7319 0.0000e+00
    867.000     4.5431     4.4950   3.342021   3.338028     2.1190     0.0243     0.1755    34.9858 9.3240e+02     0.1010    858.595    34.9866    34.9905     5.7201    1483.11    27.7245    27.7329 0.0000e+00
    866.000     4.5421     4.4992   3.341902   3.339064     2.1178     0.0240     0.1813    34.9861 9.3221e+02     0.0975    857.606    34.9867    34.9987     5.7133    1483.09    27.7247    27.7390 0.0000e+00
    865.000     4.5404     4.5031   3.341692   3.339696     2.1174     0.0305     0.1747    34.9862 9.2908e+02     0.1074    856.618    34.9866    35.0025     5.7175    1483.07    27.7248    27.7415 0.0000e+00
    864.000     4.5524     4.5060   3.342794   3.339853     2.1174     0.0438     0.1739    34.9866 9.3193e+02     0.1060    855.630    34.9873    35.0017     5.7168    1483.10    27.7240    27.7406 0.0000e+00
    863.000     4.5618     4.5086   3.343761   3.339942     2.1177     0.0376     0.1773    34.9883 9.3227e+02     0.0987    854.641    34.9892    35.0006     5.7147    1483.12    27.7245    27.7394 0.0000e+00
    862.000     4.5762     4.5111   3.345052   3.340170     2.1178     0.0369     0.1783    34.9884 9.3233e+02     0.0979    853.653    34.9896    35.0012     5.7083    1483.17    27.7232    27.7395 0.0000e+00
    861.000     4.5767     4.5145   3.345024   3.340668     2.1175     0.0479     0.1765    34.9882 9.3233e+02     0.0977    852.665    34.9894    35.0039     5.7061    1483.15    27.7229    27.7413 0.0000e+00
    860.000     4.5785     4.5177   3.345127   3.341238     2.1175     0.0191     0.1783    34.9881 9.3233e+02     0.0990    851.677    34.9892    35.0077     5.7019    1483.14    27.7226    27.7439 0.0000e+00
    859.000     4.5778     4.5208   3.345031   3.341711     2.1165     0.0170     0.1790    34.9884 9.3237e+02     0.1002    850.688    34.9893    35.0104     5.6958    1483.12    27.7228    27.7458 0.0000e+00
    858.000     4.5781     4.5249   3.345017   3.342178     2.1156     0.0363     0.1790    34.9885 9.3220e+02     0.1007    849.700    34.9893    35.0121     5.6917    1483.11    27.7227    27.7467 0.0000e+00
    857.000     4.5770     4.5311   3.344882   3.342614     2.1147     0.0243     0.1806    34.9888 9.3217e+02     0.1008    848.712    34.9894    35.0112     5.6961    1483.09    27.7229    27.7453 0.0000e+00
    856.000     4.5781     4.5347   3.344897   3.342732     2.1148     0.0180     0.1835    34.9884 9.3242e+02     0.1012    847.724    34.9890    35.0093     5.6964    1483.08    27.7224    27.7433 0.0000e+00
    855.000     4.5784     4.5369   3.344854   3.342780     2.1150     0.0352     0.1884    34.9882 9.3237e+02     0.0903    846.735    34.9887    35.0080     5.6967    1483.06    27.7221    27.7421 0.0000e+00
    854.000     4.5786     4.5388   3.344823   3.342826     2.1151     0.0592     0.1946    34.9881 9.3249e+02     0.1022    845.747    34.9886    35.0070     5.6955    1483.04    27.7220    27.7411 0.0000e+00
    853.000     4.5798     4.5408   3.344922   3.342857     2.1151     0.0334     0.1839    34.9885 9.2854e+02     0.1034    844.759    34.9889    35.0058     5.6914    1483.03    27.7222    27.7399 0.0000e+00
    852.000     4.5853     4.5431   3.345372   3.342905     2.1147     0.0457     0.1749    34.9884 9.3207e+02     0.1038    843.770    34.9889    35.0045     5.6898    1483.04    27.7216    27.7386 0.0000e+00
    851.000     4.5885     4.5458   3.345660   3.343038     2.1145     0.0124     0.1832    34.9889 9.3229e+02     0.1074    842.782    34.9895    35.0037     5.6888    1483.04    27.7216    27.7376 0.0000e+00
    850.000     4.5914     4.5482   3.345876   3.343238     2.1148     0.0261     0.1788    34.9889 9.3227e+02     0.1006    841.794    34.9894    35.0041     5.6926    1483.03    27.7212    27.7377 0.0000e+00
    849.000     4.5926     4.5498   3.345964   3.343349     2.1151     0.0188     0.1882    34.9892 9.3235e+02     0.0963    840.805    34.9897    35.0042     5.6906    1483.02    27.7214    27.7376 0.0000e+00
    848.000     4.5977     4.5513   3.346469   3.343449     2.1151     0.0256     0.1850    34.9901 9.3235e+02     0.0983    839.817    34.9907    35.0042     5.6851    1483.03    27.7216    27.7374 0.0000e+00
    847.000     4.6014     4.5531   3.346806   3.343563     2.1147     0.0347     0.1808    34.9906 9.3259e+02     0.1003    838.829    34.9913    35.0042     5.6788    1483.03    27.7216    27.7372 0.0000e+00
    846.000     4.6011     4.5576   3.346734   3.344037     2.1131     0.0290     0.1814    34.9908 9.3243e+02     0.1043    837.840    34.9913    35.0056     5.6730    1483.01    27.7216    27.7378 0.0000e+00
    845.000     4.6019     4.5607   3.346750   3.344320     2.1128     0.0255     0.1807    34.9907 9.3241e+02     0.1038    836.852    34.9911    35.0060     5.6809    1482.99    27.7214    27.7378 0.0000e+00
    844.000     4.6088     4.5623   3.347420   3.344388     2.1135     0.0316     0.1768    34.9916 9.3233e+02     0.0926    835.863    34.9922    35.0056     5.6791    1483.01    27.7215    27.7373 0.0000e+00
    843.000     4.6243     4.5637   3.348904   3.344430     2.1132     0.0407     0.1738    34.9927 9.3263e+02     0.0985    834.875    34.9937    35.0052     5.6697    1483.06    27.7210    27.7368 0.0000e+00
    842.000     4.6275     4.5650   3.349188   3.344452     2.1130     0.0227     0.1779    34.9931 9.3246e+02     0.1026    833.887    34.9941    35.0046     5.6671    1483.05    27.7209    27.7362 0.0000e+00
    841.000     4.6364     4.5665   3.350067   3.344538     2.1127     0.0211     0.1793    34.9943 9.2678e+02     0.1035    832.898    34.9956    35.0046     5.6639    1483.08    27.7211    27.7360 0.0000e+00
    840.000     4.6407     4.5684   3.350443   3.344779     2.1122     0.0327     0.1814    34.9947 9.3179e+02     0.1044    831.910    34.9959    35.0058     5.6592    1483.08    27.7208    27.7367 0.0000e+00
    839.000     4.6396     4.5728   3.350348   3.345597     2.1116     0.0289     0.1779    34.9955 9.3221e+02     0.1005    830.922    34.9965    35.0113     5.6588    1483.06    27.7214    27.7406 0.0000e+00
    838.000     4.6398     4.5784   3.350305   3.346525     2.1112     0.0313     0.1797    34.9956 9.3247e+02     0.1040    829.933    34.9963    35.0167     5.6585    1483.04    27.7213    27.7443 0.0000e+00
    837.000     4.6420     4.5822   3.350460   3.346853     2.1112     0.0175     0.1739    34.9956 9.3243e+02     0.0964    828.945    34.9963    35.0170     5.6589    1483.03    27.7210    27.7441 0.0000e+00
    836.000     4.6442     4.5847   3.350662   3.347001     2.1110     0.0182     0.1839    34.9961 9.3274e+02     0.1124    827.956    34.9968    35.0167     5.6570    1483.03    27.7211    27.7435 0.0000e+00
    835.000     4.6460     4.5867   3.350765   3.347079     2.1112     0.0182     0.1797    34.9960 9.3234e+02     0.1074    826.968    34.9967    35.0160     5.6590    1483.02    27.7208    27.7427 0.0000e+00
    834.000     4.6532     4.5889   3.351403   3.347171     2.1115     0.0257     0.1805    34.9962 9.3260e+02     0.1003    825.980    34.9971    35.0152     5.6589    1483.03    27.7203    27.7419 0.0000e+00
    833.000     4.6624     4.5913   3.352304   3.347294     2.1117     0.0376     0.1830    34.9973 9.3261e+02     0.0964    824.991    34.9983    35.0146     5.6540    1483.05    27.7203    27.7411 0.0000e+00
    832.000     4.6755     4.5944   3.353660   3.347498     2.1112     0.0134     0.1767    34.9996 9.3236e+02     0.0979    824.003    35.0009    35.0143     5.6423    1483.09    27.7209    27.7405 0.0000e+00
    831.000     4.6794     4.5989   3.353947   3.347966     2.1097     0.0258     0.1792    34.9994 9.3248e+02     0.1002    823.014    35.0006    35.0155     5.6329    1483.09    27.7202    27.7410 0.0000e+00
    830.000     4.6835     4.6047   3.354300   3.348792     2.1083     0.0112     0.1789    34.9998 9.2995e+02     0.1011    822.026    35.0009    35.0196     5.6305    1483.09    27.7199    27.7435 0.0000e+00
    829.000     4.6848     4.6100   3.354392   3.349416     2.1078     0.0344     0.1816    35.0002 9.3250e+02     0.1065    821.038    35.0011    35.0218     5.6346    1483.08    27.7200    27.7447 0.0000e+00
    828.000     4.6934     4.6139   3.355277   3.349768     2.1080     0.0405     0.1839    35.0018 9.3238e+02     0.0973    820.049    35.0029    35.0223     5.6317    1483.10    27.7204    27.7446 0.0000e+00
    827.000     4.7073     4.6169   3.356524   3.350008     2.1077     0.0340     0.1839    35.0020 9.3248e+02     0.0977    819.061    35.0033    35.0224     5.6254    1483.15    27.7192    27.7444 0.0000e+00
    826.000     4.7157     4.6197   3.357321   3.350207     2.1074     0.0328     0.1826    35.0028 9.3233e+02     0.0978    818.072    35.0043    35.0223     5.6164    1483.16    27.7190    27.7440 0.0000e+00
    825.000     4.7211     4.6227   3.357817   3.350404     2.1061     0.0324     0.1809    35.0034 9.3237e+02     0.0989    817.084    35.0049    35.0220     5.6061    1483.17    27.7189    27.7434 0.0000e+00
    824.000     4.7258     4.6265   3.358296   3.350664     2.1050     0.0253     0.1755    35.0045 9.3235e+02     0.1069    816.095    35.0060    35.0215     5.6044    1483.18    27.7192    27.7426 0.0000e+00
    823.000     4.7338     4.6317   3.359125   3.351146     2.1039     0.0197     0.1823    35.0063 9.3236e+02     0.1063    815.107    35.0078    35.0221     5.6009    1483.19    27.7197    27.7425 0.0000e+00
    822.000     4.7380     4.6371   3.359420   3.351731     2.1030     0.0205     0.1773    35.0060 9.3261e+02     0.0977    814.118    35.0073    35.0238     5.5985    1483.19    27.7189    27.7432 0.0000e+00
    821.000     4.7454     4.6427   3.360091   3.352389     2.1022     0.0204     0.1758    35.0064 9.3244e+02     0.0990    813.130    35.0078    35.0261     5.5925    1483.21    27.7184    27.7444 0.0000e+00
    820.000     4.7524     4.6482   3.360801   3.352960     2.1017     0.0255     0.1727    35.0078 9.3219e+02     0.0974    812.141    35.0092    35.0274     5.5946    1483.22    27.7188    27.7449 0.0000e+00
    819.000     4.7610     4.6533   3.361643   3.353444     2.1016     0.0321     0.1762    35.0090 9.2822e+02     0.1030    811.153    35.0105    35.0283     5.5890    1483.24    27.7188    27.7450 0.0000e+00
    818.000     4.7701     4.6578   3.362462   3.353886     2.1009     0.0439     0.1796    35.0095 9.3257e+02     0.1072    810.164    35.0110    35.0292     5.5847    1483.26    27.7182    27.7452 0.0000e+00
    817.000     4.7755     4.6620   3.362983   3.354325     2.1007     0.0324     0.1811    35.0103 9.3239e+02     0.1087    809.176    35.0119    35.0304     5.5819    1483.27    27.7182    27.7456 0.0000e+00
    816.000     4.7813     4.6664   3.363513   3.354727     2.1001     0.0256     0.1766    35.0109 9.3272e+02     0.0994    808.188    35.0124    35.0310     5.5753    1483.28    27.7180    27.7456 0.0000e+00
    815.000     4.7832     4.6710   3.363678   3.355169     2.0994     0.0544     0.1842    35.0114 9.3231e+02     0.0982    807.199    35.0129    35.0318     5.5725    1483.27    27.7181    27.7457 0.0000e+00
    814.000     4.7845     4.6779   3.363789   3.355783     2.0984     0.0429     0.1831    35.0121 9.3226e+02     0.0908    806.211    35.0133    35.0322     5.5694    1483.26    27.7183    27.7453 0.0000e+00
    813.000     4.7828     4.6865   3.363552   3.356503     2.0978     0.0322     0.1763    35.0119 9.3225e+02     0.1099    805.222    35.0129    35.0320     5.5704    1483.24    27.7181    27.7442 0.0000e+00
    812.000     4.7843     4.6918   3.363642   3.356865     2.0974     0.0367     0.1752    35.0120 9.3207e+02     0.1037    804.234    35.0129    35.0311     5.5679    1483.22    27.7180    27.7429 0.0000e+00
    811.000     4.7873     4.6960   3.363884   3.357080     2.0974     0.0359     0.1766    35.0122 9.3250e+02     0.1029    803.245    35.0130    35.0298     5.5660    1483.22    27.7177    27.7413 0.0000e+00
    810.000     4.7927     4.7000   3.364358   3.357284     2.0969     0.0262     0.1764    35.0125 9.3238e+02     0.0974    802.257    35.0134    35.0285     5.5635    1483.23    27.7174    27.7398 0.0000e+00
    809.000     4.7933     4.7043   3.364385   3.357504     2.0968     0.0394     0.1766    35.0127 9.3252e+02     0.0919    801.268    35.0136    35.0270     5.5643    1483.21    27.7175    27.7381 0.0000e+00
    808.000     4.7943     4.7088   3.364406   3.357723     2.0969     0.0182     0.1790    35.0126 9.3232e+02     0.1027    800.279    35.0133    35.0253     5.5659    1483.20    27.7171    27.7363 0.0000e+00
    807.000     4.7942     4.7127   3.364380   3.357935     2.0971     0.0182     0.1766    35.0129 9.2829e+02     0.1062    799.291    35.0136    35.0242     5.5645    1483.18    27.7173    27.7350 0.0000e+00
    806.000     4.7948     4.7164   3.364382   3.358143     2.0969     0.0290     0.1836    35.0129 9.3212e+02     0.1038    798.302    35.0135    35.0233     5.5610    1483.17    27.7172    27.7338 0.0000e+00
