05_ctd/ctd_files/ar43_003.cnv
* Sea-Bird SBE 9 Data File:
* FileName = D:\Data\AR43_003.hex
* Software Version Seasave V 7.26.7.121
* Temperature SN = 4252
* Conductivity SN = 1860
* Number of Bytes Per Scan = 40
* Number of Voltage Words = 5
* Number of Scans Averaged by the Deck Unit = 1
* NMEA Latitude = 39 37.01 N
* NMEA Longitude = 070 53.32 W
* NMEA UTC (Time) = Mar 12 2020  22:59:55
** Cruise ID: AR43
** Chief Sci:
** Station #:
** Site ID:
# nquan = 19
# nvalues = 2021                        
# units = specified
# name 0 = prDM: Pressure, Digiquartz [db]
# name 1 = t090C: Temperature [ITS-90, deg C]
# name 2 = t190C: Temperature, 2 [ITS-90, deg C]
# name 3 = c0S/m: Conductivity [S/m]
# name 4 = c1S/m: Conductivity, 2 [S/m]
# name 5 = sbeox0V: Oxygen raw, SBE 43 [V]
# name 6 = flECO-AFL: Fluorescence, WET Labs ECO-AFL/FL [mg/m^3]
# name 7 = turbWETntu0: Turbidity, WET Labs ECO [NTU]
# name 8 = sal00: Salinity, Practical [PSU]
# name 9 = spar: SPAR, Biospherical/Licor
# name 10 = v6: Voltage 6
# name 11 = depSM: Depth [salt water, m], lat = 39.6168
# name 12 = sal00: Salinity, Practical [PSU]
# name 13 = sal11: Salinity, Practical, 2 [PSU]
# name 14 = sbeox0ML/L: Oxygen, SBE 43 [ml/l], WS = 2
# name 15 = svCM: Sound Velocity [Chen-Millero, m/s]
# name 16 = sigma-é00: Density [sigma-theta, kg/m^3]
# name 17 = sigma-é11: Density, 2 [sigma-theta, kg/m^3]
# name 18 = flag: flag
# span 0 =      2.000,   1012.000       
# span 1 =     4.3843,    13.9918       
# span 2 =     4.3855,    13.9924       
# span 3 =   3.332683,   4.267254       
# span 4 =   3.332788,   4.267385       
# span 5 =     1.5244,     2.7913       
# span 6 =    -0.0018,     1.8016       
# span 7 =     0.1755,     0.2770       
# span 8 =    34.9726,    35.6704       
# span 9 = -6.900e-02, 9.3827e-01       
# span 10 =     0.0721,     0.1133      
# span 11 =      1.985,   1001.840      
# span 12 =    34.9727,    35.6652      
# span 13 =    34.9733,    35.6700      
# span 14 =     2.8736,     5.8634      
# span 15 =    1481.96,    1506.03      
# span 16 =    26.5755,    27.7324      
# span 17 =    26.5763,    27.7329      
# span 18 = 0.0000e+00, 0.0000e+00      
# interval = decibars: 1                
# start_time = Mar 12 2020 22:59:55 [NMEA time, header]
# bad_flag = -9.990e-29
*END*
[from data line 534]
    536.000     6.1045     6.1059   3.478082   3.478231     1.9457     0.0418     0.1863    35.0882 3.1773e-01     0.1088    531.224    35.0865    35.0867     4.7043    1484.08    27.6139    27.6138 0.0000e+00
    537.000     6.1017     6.1037   3.477853   3.478045     1.9462     0.0550     0.1863    35.0879 4.8377e-01     0.1031    532.214    35.0863    35.0864     4.7079    1484.08    27.6140    27.6138 0.0000e+00
    538.000     6.0971     6.0987   3.477487   3.477622     1.9469     0.0323     0.1895    35.0880 7.2753e-03     0.0990    533.203    35.0864    35.0863     4.7112    1484.08    27.6147    27.6145 0.0000e+00
    539.000     6.0962     6.0973   3.477430   3.477540     1.9475     0.0109     0.1927    35.0877 1.9683e-01     0.1017    534.193    35.0862    35.0863     4.7118    1484.09    27.6147    27.6146 0.0000e+00
    540.000     6.0935     6.0957   3.477206   3.477425     1.9483     0.0249     0.1843    35.0873 2.5425e-01     0.0986    535.183    35.0860    35.0861     4.7125    1484.10    27.6149    27.6147 0.0000e+00
    541.000     6.0909     6.0919   3.477018   3.477118     1.9487     0.0089     0.1957    35.0871 3.8161e-01     0.0956    536.173    35.0861    35.0861     4.7143    1484.10    27.6153    27.6152 0.0000e+00
    542.000     6.0858     6.0878   3.476596   3.476771     1.9491     0.0337     0.1973    35.0871 3.9148e-01     0.1046    537.163    35.0860    35.0860     4.7167    1484.10    27.6160    27.6157 0.0000e+00
    543.000     6.0847     6.0858   3.476546   3.476650     1.9495     0.0328     0.1842    35.0871 1.1048e-01     0.1037    538.152    35.0861    35.0861     4.7212    1484.11    27.6162    27.6160 0.0000e+00
    544.000     6.0841     6.0853   3.476534   3.476635     1.9500     0.0337     0.1855    35.0869 2.7680e-01     0.0968    539.142    35.0861    35.0860     4.7241    1484.13    27.6162    27.6160 0.0000e+00
    545.000     6.0827     6.0837   3.476435   3.476525     1.9509     0.0363     0.1817    35.0867 3.3153e-01     0.1000    540.132    35.0859    35.0859     4.7258    1484.14    27.6163    27.6162 0.0000e+00
    546.000     6.0815     6.0829   3.476370   3.476495     1.9509     0.0249     0.1918    35.0866 5.5544e-01     0.0977    541.122    35.0859    35.0859     4.7214    1484.15    27.6164    27.6163 0.0000e+00
    547.000     6.0807     6.0816   3.476326   3.476425     1.9505     0.0474     0.1863    35.0864 3.5514e-01     0.1051    542.111    35.0858    35.0859     4.7210    1484.16    27.6164    27.6165 0.0000e+00
    548.000     6.0792     6.0808   3.476216   3.476377     1.9504     0.0332     0.1886    35.0862 4.2779e-01     0.1043    543.101    35.0855    35.0857     4.7200    1484.17    27.6165    27.6164 0.0000e+00
    549.000     6.0758     6.0767   3.475950   3.476024     1.9498     0.0500     0.1925    35.0862 2.4304e-01     0.1017    544.091    35.0856    35.0855     4.7179    1484.18    27.6170    27.6168 0.0000e+00
    550.000     6.0736     6.0751   3.475759   3.475915     1.9494     0.0547     0.1819    35.0859 5.8934e-03     0.0966    545.081    35.0853    35.0854     4.7222    1484.18    27.6170    27.6169 0.0000e+00
    551.000     6.0711     6.0702   3.475555   3.475464     1.9499     0.0524     0.1755    35.0856 4.2235e-01     0.0934    546.070    35.0850    35.0849     4.7279    1484.19    27.6171    27.6172 0.0000e+00
    552.000     6.0674     6.0681   3.475263   3.475337     1.9503     0.0498     0.1788    35.0857 2.0113e-01     0.0953    547.060    35.0851    35.0852     4.7296    1484.19    27.6177    27.6176 0.0000e+00
    553.000     6.0669     6.0678   3.475273   3.475365     1.9505     0.0447     0.1845    35.0858 2.0998e-01     0.1010    548.050    35.0852    35.0853     4.7297    1484.21    27.6178    27.6178 0.0000e+00
    554.000     6.0574     6.0582   3.474428   3.474523     1.9510     0.0221     0.1798    35.0857 3.4224e-01     0.1027    549.040    35.0849    35.0851     4.7340    1484.18    27.6189    27.6189 0.0000e+00
    555.000     6.0399     6.0414   3.472745   3.472888     1.9513     0.0201     0.1817    35.0847 2.5813e-01     0.1002    550.029    35.0836    35.0837     4.7364    1484.13    27.6200    27.6199 0.0000e+00
    556.000     6.0134     6.0148   3.470254   3.470379     1.9515     0.0401     0.1866    35.0841 4.7777e-01     0.0927    551.019    35.0824    35.0823     4.7455    1484.04    27.6225    27.6223 0.0000e+00
    557.000     5.9881     5.9897   3.467832   3.467975     1.9527     0.0258     0.1881    35.0829 4.6818e-01     0.0924    552.009    35.0806    35.0806     4.7614    1483.95    27.6243    27.6241 0.0000e+00
    558.000     5.9700     5.9713   3.466196   3.466310     1.9550     0.0329     0.1809    35.0829 1.1465e-01     0.1013    552.998    35.0804    35.0803     4.7760    1483.90    27.6265    27.6262 0.0000e+00
    559.000     5.9623     5.9636   3.465516   3.465620     1.9567     0.0390     0.1851    35.0826 2.5026e-01     0.1068    553.988    35.0801    35.0800     4.7828    1483.88    27.6272    27.6270 0.0000e+00
    560.000     5.9421     5.9432   3.463666   3.463742     1.9584     0.0341     0.1828    35.0825 1.2514e-01     0.1014    554.978    35.0797    35.0794     4.7938    1483.82    27.6295    27.6291 0.0000e+00
    561.000     5.9322     5.9332   3.462838   3.462925     1.9609     0.0299     0.1804    35.0828 2.2335e-01     0.1013    555.968    35.0800    35.0800     4.8060    1483.80    27.6310    27.6308 0.0000e+00
    562.000     5.9266     5.9282   3.462365   3.462517     1.9636     0.0422     0.1852    35.0826 9.1422e-02     0.1025    556.957    35.0800    35.0800     4.8126    1483.79    27.6317    27.6315 0.0000e+00
    563.000     5.9138     5.9154   3.461221   3.461367     1.9665     0.0332     0.1798    35.0823 1.8172e-01     0.0996    557.947    35.0798    35.0798     4.8242    1483.76    27.6332    27.6330 0.0000e+00
    564.000     5.9101     5.9111   3.460948   3.461048     1.9705     0.0228     0.1841    35.0822 1.4345e-01     0.1006    558.937    35.0801    35.0802     4.8351    1483.76    27.6339    27.6338 0.0000e+00
    565.000     5.9075     5.9083   3.460748   3.460840     1.9719     0.0256     0.1835    35.0819 3.6809e-01     0.1002    559.926    35.0800    35.0801     4.8314    1483.76    27.6341    27.6341 0.0000e+00
    566.000     5.9030     5.9035   3.460392   3.460439     1.9725     0.0255     0.1832    35.0818 3.9774e-01     0.1031    560.916    35.0800    35.0801     4.8336    1483.76    27.6348    27.6347 0.0000e+00
    567.000     5.9005     5.9017   3.460232   3.460348     1.9730     0.0255     0.1887    35.0820 1.2301e-01     0.1000    561.906    35.0803    35.0804     4.8343    1483.77    27.6353    27.6352 0.0000e+00
    568.000     5.8997     5.9011   3.460198   3.460333     1.9732     0.0284     0.1886    35.0818 1.1238e-01     0.0916    562.895    35.0803    35.0803     4.8352    1483.78    27.6354    27.6353 0.0000e+00
    569.000     5.8988     5.8999   3.460178   3.460274     1.9738     0.0306     0.1841    35.0818 5.9233e-01     0.0974    563.885    35.0804    35.0804     4.8389    1483.80    27.6356    27.6355 0.0000e+00
    570.000     5.8966     5.8975   3.460002   3.460097     1.9744     0.0226     0.1798    35.0815 2.3875e-01     0.1015    564.875    35.0802    35.0804     4.8416    1483.80    27.6358    27.6358 0.0000e+00
    571.000     5.8942     5.8954   3.459831   3.459950     1.9747     0.0265     0.1907    35.0814 3.0922e-01     0.1036    565.864    35.0803    35.0804     4.8408    1483.81    27.6361    27.6361 0.0000e+00
    572.000     5.8883     5.8898   3.459313   3.459445     1.9748     0.0426     0.1852    35.0812 2.6940e-01     0.0957    566.854    35.0800    35.0800     4.8448    1483.80    27.6367    27.6365 0.0000e+00
    573.000     5.8764     5.8771   3.458229   3.458301     1.9756     0.0181     0.1836    35.0809 2.0310e-01     0.0995    567.844    35.0796    35.0797     4.8519    1483.77    27.6378    27.6379 0.0000e+00
    574.000     5.8675     5.8694   3.457484   3.457648     1.9763     0.0149     0.1862    35.0813 2.2474e-01     0.0995    568.833    35.0799    35.0798     4.8584    1483.75    27.6392    27.6389 0.0000e+00
    575.000     5.8613     5.8618   3.456942   3.457003     1.9773     0.0290     0.1873    35.0812 3.7301e-01     0.0994    569.823    35.0797    35.0798     4.8620    1483.75    27.6399    27.6399 0.0000e+00
    576.000     5.8560     5.8572   3.456502   3.456613     1.9779     0.0401     0.1911    35.0811 1.1399e-01     0.1019    570.812    35.0797    35.0797     4.8642    1483.74    27.6405    27.6404 0.0000e+00
    577.000     5.8401     5.8417   3.455047   3.455188     1.9787     0.0469     0.1934    35.0809 2.6357e-01     0.1022    571.802    35.0791    35.0791     4.8739    1483.69    27.6421    27.6419 0.0000e+00
    578.000     5.8305     5.8318   3.454238   3.454361     1.9813     0.0389     0.1876    35.0812 2.3832e-01     0.1047    572.792    35.0795    35.0795     4.8874    1483.67    27.6436    27.6435 0.0000e+00
    579.000     5.8278     5.8289   3.454039   3.454151     1.9832     0.0337     0.1811    35.0809 1.6344e-01     0.0943    573.781    35.0794    35.0796     4.8880    1483.68    27.6439    27.6439 0.0000e+00
    580.000     5.8219     5.8234   3.453487   3.453624     1.9842     0.0205     0.1828    35.0803 2.1564e-01     0.0978    574.771    35.0788    35.0789     4.8925    1483.67    27.6442    27.6440 0.0000e+00
    581.000     5.8068     5.8084   3.452095   3.452243     1.9849     0.0182     0.1817    35.0800 1.1767e-01     0.0918    575.760    35.0782    35.0782     4.8980    1483.63    27.6456    27.6454 0.0000e+00
    582.000     5.7886     5.7901   3.450412   3.450545     1.9857     0.0171     0.1819    35.0795 2.2577e-01     0.1055    576.750    35.0774    35.0774     4.9054    1483.57    27.6473    27.6470 0.0000e+00
    583.000     5.7825     5.7836   3.449872   3.449978     1.9871     0.0155     0.1898    35.0792 3.3058e-01     0.1096    577.740    35.0772    35.0772     4.9128    1483.56    27.6479    27.6477 0.0000e+00
    584.000     5.7757     5.7774   3.449216   3.449385     1.9887     0.0314     0.1828    35.0781 3.4622e-01     0.1009    578.729    35.0762    35.0764     4.9206    1483.55    27.6479    27.6479 0.0000e+00
    585.000     5.7482     5.7499   3.446548   3.446702     1.9907     0.0436     0.1883    35.0764 3.5980e-01     0.1016    579.719    35.0740    35.0740     4.9340    1483.45    27.6496    27.6494 0.0000e+00
    586.000     5.7312     5.7326   3.444973   3.445093     1.9925     0.0507     0.1858    35.0758 9.4263e-02     0.1026    580.708    35.0732    35.0732     4.9457    1483.40    27.6511    27.6509 0.0000e+00
    587.000     5.7221     5.7235   3.444106   3.444234     1.9949     0.0474     0.1805    35.0749 2.9501e-01     0.0995    581.698    35.0724    35.0724     4.9547    1483.38    27.6516    27.6514 0.0000e+00
    588.000     5.7046     5.7063   3.442376   3.442531     1.9965     0.0310     0.1836    35.0730 4.6532e-01     0.1085    582.688    35.0703    35.0703     4.9594    1483.32    27.6522    27.6519 0.0000e+00
    589.000     5.6879     5.6894   3.440831   3.440970     1.9982     0.0287     0.1832    35.0725 4.2857e-01     0.0998    583.677    35.0696    35.0696     4.9695    1483.27    27.6537    27.6535 0.0000e+00
    590.000     5.6822     5.6834   3.440319   3.440434     1.9999     0.0404     0.1813    35.0719 2.2081e-01     0.0974    584.667    35.0692    35.0692     4.9745    1483.26    27.6541    27.6540 0.0000e+00
    591.000     5.6744     5.6755   3.439579   3.439668     2.0010     0.0548     0.1790    35.0709 3.9108e-01     0.0979    585.656    35.0683    35.0682     4.9765    1483.25    27.6543    27.6541 0.0000e+00
    592.000     5.6592     5.6616   3.438102   3.438346     2.0024     0.0332     0.1819    35.0695 2.9390e-01     0.0991    586.646    35.0669    35.0671     4.9853    1483.20    27.6551    27.6550 0.0000e+00
    593.000     5.6407     5.6420   3.436273   3.436402     2.0044     0.0477     0.1846    35.0675 2.2159e-01     0.1050    587.635    35.0648    35.0648     4.9938    1483.14    27.6557    27.6556 0.0000e+00
    594.000     5.6019     5.6034   3.432576   3.432706     2.0056     0.0299     0.1836    35.0659 4.8234e-01     0.1056    588.625    35.0624    35.0624     5.0074    1483.00    27.6586    27.6584 0.0000e+00
    595.000     5.5973     5.5984   3.432208   3.432303     2.0073     0.0260     0.1884    35.0658 3.7645e-01     0.0978    589.614    35.0625    35.0624     5.0205    1483.00    27.6593    27.6591 0.0000e+00
    596.000     5.5905     5.5916   3.431555   3.431646     2.0094     0.0327     0.1812    35.0647 2.5239e-01     0.0977    590.604    35.0616    35.0615     5.0268    1482.99    27.6594    27.6592 0.0000e+00
    597.000     5.5883     5.5895   3.431394   3.431516     2.0109     0.0492     0.1831    35.0645 1.9595e-01     0.0941    591.593    35.0616    35.0618     5.0308    1482.99    27.6597    27.6597 0.0000e+00
    598.000     5.5878     5.5888   3.431420   3.431511     2.0135     0.0437     0.1837    35.0643 4.5424e-01     0.0965    592.583    35.0619    35.0618     5.0396    1483.01    27.6600    27.6598 0.0000e+00
    599.000     5.5863     5.5874   3.431337   3.431439     2.0150     0.0185     0.1955    35.0641 -1.933e-02     0.1027    593.573    35.0620    35.0620     5.0351    1483.02    27.6603    27.6602 0.0000e+00
    600.000     5.5855     5.5864   3.431333   3.431412     2.0152     0.0256     0.1834    35.0641 3.8318e-01     0.0997    594.562    35.0623    35.0623     5.0313    1483.03    27.6606    27.6605 0.0000e+00
    601.000     5.5851     5.5862   3.431336   3.431435     2.0152     0.0270     0.1831    35.0638 3.8719e-01     0.0973    595.552    35.0622    35.0622     5.0350    1483.05    27.6606    27.6605 0.0000e+00
    602.000     5.5801     5.5812   3.430888   3.431004     2.0159     0.0266     0.1844    35.0633 1.9198e-01     0.0960    596.541    35.0619    35.0620     5.0398    1483.04    27.6610    27.6609 0.0000e+00
    603.000     5.5744     5.5755   3.430385   3.430477     2.0162     0.0385     0.1928    35.0629 3.2535e-01     0.0912    597.531    35.0615    35.0615     5.0389    1483.04    27.6614    27.6612 0.0000e+00
    604.000     5.5550     5.5563   3.428494   3.428598     2.0162     0.0533     0.1948    35.0614 5.3146e-01     0.0959    598.520    35.0596    35.0594     5.0424    1482.97    27.6622    27.6619 0.0000e+00
    605.000     5.5464     5.5476   3.427760   3.427877     2.0163     0.0474     0.1910    35.0616 4.1978e-01     0.1051    599.509    35.0597    35.0597     5.0485    1482.96    27.6634    27.6633 0.0000e+00
    606.000     5.5194     5.5216   3.424966   3.425168     2.0170     0.0144     0.1817    35.0579 5.3110e-01     0.0996    600.499    35.0554    35.0553     5.0599    1482.86    27.6633    27.6630 0.0000e+00
    607.000     5.4864     5.4878   3.421778   3.421900     2.0182     0.0147     0.1825    35.0560 4.8934e-01     0.0993    601.488    35.0528    35.0527     5.0754    1482.74    27.6653    27.6650 0.0000e+00
    608.000     5.4791     5.4809   3.421150   3.421321     2.0210     0.0252     0.1834    35.0556 1.6014e-01     0.0972    602.478    35.0526    35.0527     5.0902    1482.73    27.6660    27.6659 0.0000e+00
    609.000     5.4737     5.4750   3.420631   3.420728     2.0240     0.0199     0.1795    35.0545 2.3373e-01     0.0931    603.467    35.0518    35.0517     5.0970    1482.72    27.6661    27.6658 0.0000e+00
    610.000     5.4661     5.4671   3.419929   3.420018     2.0256     0.0324     0.1791    35.0536 1.5988e-01     0.1001    604.457    35.0512    35.0513     5.0999    1482.70    27.6665    27.6664 0.0000e+00
