05_ctd/ctd_files/ar43_007.cnv
* Sea-Bird SBE 9 Data File:
* FileName = D:\Data\AR43_007.hex
* Software Version Seasave V 7.26.7.121
* Temperature SN = 4252
* Conductivity SN = 1860
* Number of Bytes Per Scan = 40
* Number of Voltage Words = 5
* Number of Scans Averaged by the Deck Unit = 1
* NMEA Latitude = 39 40.83 N
* NMEA Longitude = 070 57.71 W
* NMEA UTC (Time) = Mar 15 2020  01:18:13
** Cruise ID: AR43
** Chief Sci:
** Station #:
** Site ID:
# nquan = 19
# nvalues = 2021                        
# units = specified
# name 0 = prDM: Pressure, Digiquartz [db]
# name 1 = t090C: Temperature [ITS-90, deg C]
# name 2 = t190C: Temperature, 2 [ITS-90, deg C]
# name 3 = c0S/m: Conductivity [S/m]
# name 4 = c1S/m: Conductivity, 2 [S/m]
# name 5 = sbeox0V: Oxygen raw, SBE 43 [V]
# name 6 = flECO-AFL: Fluorescence, WET Labs ECO-AFL/FL [mg/m^3]
# name 7 = turbWETntu0: Turbidity, WET Labs ECO [NTU]
# name 8 = sal00: Salinity, Practical [PSU]
# name 9 = spar: SPAR, Biospherical/Licor
# name 10 = v6: Voltage 6
# name 11 = depSM: Depth [salt water, m], lat = 39.6805
# name 12 = sal00: Salinity, Practical [PSU]
# name 13 = sal11: Salinity, Practical, 2 [PSU]
# name 14 = sbeox0ML/L: Oxygen, SBE 43 [ml/l], WS = 2
# name 15 = svCM: Sound Velocity [Chen-Millero, m/s]
# name 16 = sigma-é00: Density [sigma-theta, kg/m^3]
# name 17 = sigma-é11: Density, 2 [sigma-theta, kg/m^3]
# name 18 = flag: flag
# span 0 =      3.000,   1013.000       
# span 1 =     4.3739,    14.0304       
# span 2 =     4.3746,    14.0305       
# span 3 =   3.332178,   4.276624       
# span 4 =   3.332289,   4.276827       
# span 5 =     1.5219,     2.7731       
# span 6 =    -0.0038,     1.3802       
# span 7 =     0.1733,     0.5585       
# span 8 =    34.9747,    35.7074       
# span 9 = 1.5566e+01, 9.5733e+02       
# span 10 =     0.0706,     0.1176      
# span 11 =      2.977,   1002.822      
# span 12 =    34.9748,    35.7092      
# span 13 =    34.9749,    35.7150      
# span 14 =     2.9026,     5.8442      
# span 15 =    1482.02,    1506.58      
# span 16 =    26.5572,    27.7355      
# span 17 =    26.5543,    27.7359      
# span 18 = 0.0000e+00, 0.0000e+00      
# interval = decibars: 1                
# start_time = Mar 15 2020 01:18:13 [NMEA time, header]
# bad_flag = -9.990e-29
*END*
[from data line 229]
    232.000    10.2636    10.2652   3.873276   3.873507     1.5305     0.0406     0.1928    35.3010 9.5658e+02     0.0988    230.100    35.2934    35.2941     2.9026    1494.95    27.1403    27.1406 0.0000e+00
    233.000    10.2126    10.2156   3.867894   3.868301     1.5293     0.0401     0.2060    35.2957 9.5639e+02     0.1032    231.091    35.2877    35.2889     2.9077    1494.78    27.1447    27.1452 0.0000e+00
    234.000    10.1747    10.1767   3.863951   3.864244     1.5283     0.0285     0.1966    35.2919 9.5651e+02     0.1023    232.082    35.2839    35.2849     2.9084    1494.66    27.1483    27.1488 0.0000e+00
    235.000    10.1472    10.1507   3.861043   3.861493     1.5276     0.0424     0.1900    35.2882 9.5650e+02     0.0982    233.074    35.2805    35.2818     2.9105    1494.57    27.1505    27.1509 0.0000e+00
    236.000    10.1311    10.1318   3.859450   3.859610     1.5269     0.0343     0.1912    35.2863 9.5612e+02     0.1008    234.065    35.2795    35.2804     2.9110    1494.53    27.1525    27.1531 0.0000e+00
    237.000    10.1283    10.1288   3.859249   3.859410     1.5267     0.0343     0.1942    35.2855 9.5636e+02     0.0992    235.056    35.2798    35.2809     2.9119    1494.54    27.1532    27.1540 0.0000e+00
    238.000    10.0971    10.0996   3.855840   3.856220     1.5265     0.0402     0.1972    35.2807 9.5444e+02     0.0991    236.047    35.2748    35.2763     2.9125    1494.43    27.1548    27.1554 0.0000e+00
    239.000    10.0811    10.0831   3.854248   3.854543     1.5259     0.0401     0.2034    35.2794 9.5642e+02     0.1025    237.039    35.2737    35.2748     2.9142    1494.39    27.1567    27.1572 0.0000e+00
    240.000    10.0725    10.0751   3.853372   3.853751     1.5262     0.0472     0.1963    35.2779 9.5651e+02     0.1026    238.030    35.2727    35.2740     2.9194    1494.38    27.1574    27.1579 0.0000e+00
    241.000    10.0559    10.0574   3.851775   3.852014     1.5272     0.0275     0.1982    35.2770 9.5661e+02     0.0910    239.021    35.2721    35.2731     2.9251    1494.33    27.1598    27.1603 0.0000e+00
    242.000    10.0421    10.0434   3.850412   3.850645     1.5278     0.0327     0.1867    35.2757 9.5661e+02     0.0978    240.012    35.2711    35.2723     2.9250    1494.30    27.1614    27.1621 0.0000e+00
    243.000    10.0377    10.0388   3.850020   3.850232     1.5279     0.0265     0.1947    35.2752 9.5640e+02     0.0934    241.003    35.2710    35.2721     2.9251    1494.30    27.1621    27.1628 0.0000e+00
    244.000    10.0348    10.0359   3.849784   3.849984     1.5280     0.0099     0.1978    35.2747 9.5664e+02     0.0971    241.995    35.2709    35.2719     2.9253    1494.31    27.1625    27.1631 0.0000e+00
    245.000    10.0217    10.0231   3.848374   3.848609     1.5279     0.0179     0.1985    35.2725 9.5637e+02     0.1033    242.986    35.2688    35.2699     2.9264    1494.27    27.1631    27.1638 0.0000e+00
    246.000    10.0144    10.0154   3.847681   3.847895     1.5279     0.0215     0.1969    35.2717 9.5635e+02     0.0961    243.977    35.2684    35.2696     2.9273    1494.26    27.1641    27.1649 0.0000e+00
    247.000    10.0125    10.0133   3.847553   3.847728     1.5280     0.0298     0.1960    35.2713 9.5678e+02     0.0958    244.968    35.2685    35.2695     2.9298    1494.27    27.1645    27.1652 0.0000e+00
    248.000    10.0105    10.0115   3.847397   3.847632     1.5287     0.0337     0.1963    35.2709 9.5616e+02     0.0969    245.959    35.2684    35.2697     2.9315    1494.28    27.1648    27.1657 0.0000e+00
    249.000    10.0071    10.0082   3.847136   3.847347     1.5285     0.0410     0.1983    35.2708 9.5625e+02     0.1027    246.950    35.2686    35.2696     2.9295    1494.29    27.1656    27.1662 0.0000e+00
    250.000     9.9926     9.9954   3.845535   3.845966     1.5283     0.0545     0.1961    35.2682 9.5626e+02     0.1038    247.942    35.2658    35.2675     2.9320    1494.25    27.1659    27.1668 0.0000e+00
    251.000     9.9664     9.9673   3.842748   3.842900     1.5287     0.0494     0.1942    35.2652 9.5674e+02     0.1038    248.933    35.2624    35.2630     2.9358    1494.17    27.1678    27.1681 0.0000e+00
    252.000     9.9545     9.9549   3.841506   3.841639     1.5286     0.0340     0.1921    35.2636 9.5658e+02     0.0998    249.924    35.2608    35.2618     2.9336    1494.14    27.1686    27.1692 0.0000e+00
    253.000     9.9313     9.9344   3.839010   3.839426     1.5277     0.0494     0.1943    35.2604 9.5454e+02     0.0965    250.915    35.2574    35.2587     2.9304    1494.07    27.1699    27.1704 0.0000e+00
    254.000     9.9016     9.9034   3.835801   3.836076     1.5265     0.0465     0.1979    35.2564 9.5623e+02     0.0969    251.906    35.2530    35.2541     2.9285    1493.97    27.1715    27.1721 0.0000e+00
    255.000     9.8705     9.8719   3.832598   3.832836     1.5259     0.0403     0.1969    35.2539 9.5663e+02     0.0985    252.897    35.2501    35.2511     2.9339    1493.87    27.1746    27.1751 0.0000e+00
    256.000     9.8558     9.8573   3.831248   3.831497     1.5260     0.0313     0.1991    35.2538 9.5627e+02     0.1022    253.889    35.2501    35.2512     2.9379    1493.84    27.1771    27.1777 0.0000e+00
    257.000     9.8457     9.8473   3.830315   3.830560     1.5266     0.0388     0.1967    35.2534 9.5646e+02     0.0900    254.880    35.2499    35.2509     2.9444    1493.82    27.1787    27.1792 0.0000e+00
    258.000     9.8305     9.8320   3.828749   3.829004     1.5278     0.0433     0.1935    35.2516 9.5659e+02     0.1011    255.871    35.2482    35.2493     2.9472    1493.77    27.1799    27.1806 0.0000e+00
    259.000     9.8178     9.8195   3.827503   3.827775     1.5278     0.0308     0.1999    35.2507 9.5649e+02     0.0922    256.862    35.2474    35.2485     2.9459    1493.74    27.1815    27.1820 0.0000e+00
    260.000     9.8140     9.8154   3.827124   3.827364     1.5281     0.0207     0.2000    35.2497 9.5660e+02     0.0997    257.853    35.2467    35.2478     2.9502    1493.75    27.1816    27.1822 0.0000e+00
    261.000     9.8109     9.8125   3.826854   3.827117     1.5292     0.0122     0.2005    35.2491 9.5637e+02     0.0960    258.844    35.2465    35.2476     2.9524    1493.75    27.1820    27.1826 0.0000e+00
    262.000     9.8095     9.8104   3.826747   3.826936     1.5291     0.0601     0.1986    35.2486 9.5630e+02     0.0965    259.835    35.2463    35.2474     2.9501    1493.76    27.1821    27.1828 0.0000e+00
    263.000     9.8076     9.8081   3.826593   3.826757     1.5290     0.0208     0.2055    35.2481 9.5698e+02     0.0967    260.826    35.2461    35.2473     2.9500    1493.77    27.1823    27.1831 0.0000e+00
    264.000     9.8032     9.8047   3.826169   3.826393     1.5289     0.0344     0.2022    35.2475 9.5597e+02     0.0957    261.818    35.2456    35.2464     2.9517    1493.77    27.1826    27.1830 0.0000e+00
    265.000     9.7990     9.7995   3.825740   3.825857     1.5290     0.0557     0.2010    35.2466 9.5636e+02     0.0945    262.809    35.2448    35.2455     2.9521    1493.77    27.1828    27.1832 0.0000e+00
    266.000     9.7807     9.7822   3.823761   3.824018     1.5285     0.0536     0.1944    35.2440 9.5617e+02     0.1003    263.800    35.2420    35.2432     2.9493    1493.72    27.1837    27.1843 0.0000e+00
    267.000     9.7309     9.7350   3.818488   3.818984     1.5282     0.0503     0.1973    35.2390 9.5629e+02     0.1024    264.791    35.2360    35.2370     2.9592    1493.55    27.1874    27.1875 0.0000e+00
    268.000     9.6980     9.6990   3.815547   3.815744     1.5297     0.0369     0.1990    35.2408 9.5378e+02     0.1012    265.782    35.2373    35.2384     2.9722    1493.45    27.1940    27.1947 0.0000e+00
    269.000     9.6994     9.7004   3.815713   3.815890     1.5314     0.0279     0.1968    35.2403 9.5669e+02     0.1001    266.773    35.2372    35.2380     2.9772    1493.47    27.1937    27.1942 0.0000e+00
    270.000     9.6927     9.6943   3.815015   3.815264     1.5327     0.0312     0.1969    35.2390 9.5620e+02     0.0979    267.764    35.2361    35.2371     2.9807    1493.46    27.1940    27.1945 0.0000e+00
    271.000     9.6895     9.6908   3.814758   3.814977     1.5339     0.0400     0.1961    35.2388 9.5651e+02     0.0956    268.755    35.2361    35.2372     2.9803    1493.47    27.1946    27.1951 0.0000e+00
    272.000     9.6771     9.6805   3.813511   3.813963     1.5341     0.0424     0.1903    35.2376 9.5618e+02     0.0940    269.746    35.2349    35.2363     2.9803    1493.44    27.1957    27.1962 0.0000e+00
    273.000     9.5916     9.5874   3.804325   3.803905     1.5349     0.0553     0.1974    35.2279 9.5648e+02     0.0975    270.737    35.2234    35.2233     2.9890    1493.13    27.2010    27.2016 0.0000e+00
    274.000     9.5735     9.5699   3.802599   3.802346     1.5350     0.0433     0.1961    35.2272 9.5630e+02     0.0970    271.728    35.2229    35.2238     2.9891    1493.08    27.2037    27.2050 0.0000e+00
    275.000     9.5613     9.5620   3.801382   3.801524     1.5351     0.0374     0.1961    35.2259 9.5647e+02     0.0957    272.719    35.2218    35.2226     2.9906    1493.05    27.2049    27.2054 0.0000e+00
    276.000     9.5602     9.5612   3.801306   3.801487     1.5352     0.0511     0.1924    35.2253 9.5640e+02     0.1035    273.710    35.2217    35.2226     2.9899    1493.06    27.2050    27.2055 0.0000e+00
    277.000     9.5599     9.5582   3.801318   3.801198     1.5348     0.0540     0.1941    35.2246 9.5652e+02     0.0956    274.701    35.2215    35.2220     2.9901    1493.08    27.2049    27.2056 0.0000e+00
    278.000     9.5489     9.5493   3.800184   3.800326     1.5350     0.0422     0.1986    35.2231 9.5664e+02     0.1002    275.692    35.2201    35.2212     2.9909    1493.05    27.2057    27.2065 0.0000e+00
    279.000     9.5444     9.5458   3.799815   3.800030     1.5345     0.0268     0.1937    35.2230 9.5674e+02     0.1025    276.684    35.2203    35.2211     2.9883    1493.05    27.2066    27.2070 0.0000e+00
    280.000     9.5444     9.5456   3.799851   3.800064     1.5342     0.0250     0.1932    35.2227 9.5694e+02     0.1019    277.675    35.2202    35.2212     2.9853    1493.07    27.2066    27.2071 0.0000e+00
    281.000     9.5388     9.5390   3.799257   3.799373     1.5330     0.0402     0.1984    35.2214 9.5620e+02     0.1004    278.666    35.2191    35.2201     2.9845    1493.06    27.2066    27.2074 0.0000e+00
    282.000     9.5353     9.5339   3.798985   3.798888     1.5329     0.0331     0.1961    35.2214 9.5668e+02     0.0940    279.657    35.2193    35.2196     2.9879    1493.07    27.2074    27.2079 0.0000e+00
    283.000     9.5293     9.5298   3.798378   3.798534     1.5329     0.0343     0.1971    35.2203 9.5474e+02     0.0982    280.648    35.2184    35.2195     2.9895    1493.06    27.2077    27.2085 0.0000e+00
    284.000     9.5232     9.5242   3.797763   3.797943     1.5329     0.0305     0.1969    35.2193 9.5680e+02     0.1030    281.639    35.2176    35.2185     2.9873    1493.05    27.2081    27.2086 0.0000e+00
    285.000     9.4869     9.4878   3.793729   3.793864     1.5319     0.0279     0.1977    35.2134 9.5658e+02     0.1026    282.630    35.2109    35.2114     2.9857    1492.93    27.2089    27.2092 0.0000e+00
    286.000     9.4225     9.4195   3.786812   3.786550     1.5313     0.0339     0.1985    35.2059 9.5630e+02     0.0968    283.621    35.2020    35.2023     2.9851    1492.70    27.2126    27.2133 0.0000e+00
    287.000     9.3995     9.3996   3.784568   3.784636     1.5294     0.0399     0.1961    35.2049 9.5648e+02     0.0988    284.612    35.2008    35.2015     2.9820    1492.63    27.2155    27.2160 0.0000e+00
    288.000     9.3979     9.3990   3.784437   3.784627     1.5283     0.0401     0.1947    35.2042 9.5671e+02     0.0989    285.603    35.2006    35.2015     2.9828    1492.64    27.2156    27.2162 0.0000e+00
    289.000     9.3951     9.3953   3.784116   3.784219     1.5279     0.0380     0.1961    35.2028 9.5691e+02     0.0939    286.594    35.1996    35.2004     2.9821    1492.65    27.2153    27.2159 0.0000e+00
    290.000     9.3711     9.3748   3.781486   3.781958     1.5268     0.0340     0.1961    35.1988 9.5690e+02     0.0974    287.585    35.1953    35.1966     2.9777    1492.57    27.2159    27.2163 0.0000e+00
    291.000     9.3502     9.3511   3.779284   3.779464     1.5253     0.0409     0.1962    35.1963 9.5647e+02     0.1056    288.576    35.1926    35.1935     2.9757    1492.51    27.2173    27.2178 0.0000e+00
    292.000     9.3113     9.3122   3.775074   3.775201     1.5244     0.0548     0.2010    35.1908 9.5661e+02     0.1013    289.566    35.1865    35.1870     2.9788    1492.38    27.2189    27.2192 0.0000e+00
    293.000     9.2853     9.2860   3.772429   3.772565     1.5234     0.0477     0.1980    35.1886 9.5653e+02     0.0903    290.557    35.1841    35.1849     2.9758    1492.29    27.2213    27.2218 0.0000e+00
    294.000     9.2760     9.2778   3.771547   3.771800     1.5219     0.0374     0.2274    35.1875 9.5707e+02     0.0930    291.548    35.1836    35.1846     2.9772    1492.28    27.2225    27.2229 0.0000e+00
    295.000     9.2716     9.2726   3.771175   3.771351     1.5220     0.0326     0.1936    35.1870 9.5697e+02     0.0959    292.539    35.1837    35.1844     2.9844    1492.28    27.2233    27.2237 0.0000e+00
    296.000     9.2323     9.2340   3.767174   3.767401     1.5232     0.0328     0.1922    35.1842 9.5677e+02     0.1039    293.530    35.1801    35.1808     3.0054    1492.15    27.2269    27.2272 0.0000e+00
    297.000     9.2285     9.2295   3.767810   3.767998     1.5277     0.0328     0.1936    35.1938 9.5411e+02     0.1038    294.521    35.1901    35.1910     3.0322    1492.16    27.2354    27.2359 0.0000e+00
    298.000     9.2299     9.2311   3.768193   3.768391     1.5331     0.0338     0.1948    35.1954 9.5670e+02     0.1007    295.512    35.1922    35.1931     3.0491    1492.18    27.2368    27.2373 0.0000e+00
    299.000     9.2331     9.2344   3.768814   3.769022     1.5384     0.0403     0.2036    35.1978 9.5677e+02     0.0980    296.503    35.1950    35.1959     3.0625    1492.22    27.2385    27.2390 0.0000e+00
    300.000     9.2369     9.2378   3.769355   3.769523     1.5429     0.0260     0.1987    35.1988 9.5653e+02     0.0966    297.494    35.1965    35.1974     3.0699    1492.25    27.2391    27.2396 0.0000e+00
    301.000     9.2384     9.2396   3.769804   3.770007     1.5462     0.0313     0.1966    35.2012 9.5679e+02     0.0929    298.485    35.1992    35.2001     3.0783    1492.27    27.2409    27.2415 0.0000e+00
    302.000     9.2216     9.2239   3.768492   3.768776     1.5527     0.0337     0.2000    35.2038 9.5687e+02     0.1008    299.476    35.2017    35.2024     3.1041    1492.23    27.2456    27.2458 0.0000e+00
    303.000     9.2149     9.2157   3.768082   3.768251     1.5608     0.0509     0.1967    35.2053 9.5676e+02     0.0994    300.467    35.2035    35.2044     3.1232    1492.23    27.2481    27.2488 0.0000e+00
    304.000     9.2103     9.2113   3.767753   3.767923     1.5645     0.0478     0.1984    35.2058 9.5650e+02     0.0994    301.458    35.2041    35.2050     3.1278    1492.23    27.2494    27.2499 0.0000e+00
    305.000     9.2060     9.2071   3.767320   3.767522     1.5662     0.0277     0.1990    35.2051 9.5723e+02     0.1014    302.449    35.2034    35.2044     3.1265    1492.23    27.2496    27.2502 0.0000e+00
    306.000     9.1929     9.1943   3.765850   3.766074     1.5671     0.0101     0.1960    35.2024 9.5665e+02     0.0978    303.440    35.2005    35.2015     3.1266    1492.19    27.2495    27.2500 0.0000e+00
