05_ctd/ctd_files/ar43_005.cnv
* Sea-Bird SBE 9 Data File:
* FileName = D:\Data\AR43_005.hex
* Software Version Seasave V 7.26.7.121
* Temperature SN = 4252
* Conductivity SN = 1860
* Number of Bytes Per Scan = 40
* Number of Voltage Words = 5
* Number of Scans Averaged by the Deck Unit = 1
* NMEA Latitude = 39 35.60 N
* NMEA Longitude = 070 48.49 W
* NMEA UTC (Time) = Mar 14 2020  02:36:48
** Cruise ID: AR43
** Chief Sci:
** Station #:
** Site ID:
# nquan = 19
# nvalues = 2023                        
# units = specified
# name 0 = prDM: Pressure, Digiquartz [db]
# name 1 = t090C: Temperature [ITS-90, deg C]
# name 2 = t190C: Temperature, 2 [ITS-90, deg C]
# name 3 = c0S/m: Conductivity [S/m]
# name 4 = c1S/m: Conductivity, 2 [S/m]
# name 5 = sbeox0V: Oxygen raw, SBE 43 [V]
# name 6 = flECO-AFL: Fluorescence, WET Labs ECO-AFL/FL [mg/m^3]
# name 7 = turbWETntu0: Turbidity, WET Labs ECO [NTU]
# name 8 = sal00: Salinity, Practical [PSU]
# name 9 = spar: SPAR, Biospherical/Licor
# name 10 = v6: Voltage 6
# name 11 = depSM: Depth [salt water, m], lat = 39.5933
# name 12 = sal00: Salinity, Practical [PSU]
# name 13 = sal11: Salinity, Practical, 2 [PSU]
# name 14 = sbeox0ML/L: Oxygen, SBE 43 [ml/l], WS = 2
# name 15 = svCM: Sound Velocity [Chen-Millero, m/s]
# name 16 = sigma-é00: Density [sigma-theta, kg/m^3]
# name 17 = sigma-é11: Density, 2 [sigma-theta, kg/m^3]
# name 18 = flag: flag
# span 0 =      2.000,   1014.000       
# span 1 =     4.3207,    14.3487       
# span 2 =     4.3202,    14.3393       
# span 3 =   3.327138,   4.309055       
# span 4 =   3.327182,   4.305606       
# span 5 =     1.5767,     2.7292       
# span 6 =     0.0030,     1.2701       
# span 7 =     0.1673,     0.2308       
# span 8 =    34.9703,    35.7674       
# span 9 = 2.7320e+02, 9.6498e+02       
# span 10 =     0.0738,     0.1185      
# span 11 =      1.985,   1003.817      
# span 12 =    34.9702,    35.7652      
# span 13 =    34.3973,    36.7938      
# span 14 =     2.9840,     5.8271      
# span 15 =    1482.18,    1507.79      
# span 16 =    26.4911,    27.7392      
# span 17 =    26.4802,    28.0894      
# span 18 = 0.0000e+00, 0.0000e+00      
# interval = decibars: 1                
# start_time = Mar 14 2020 02:36:48 [NMEA time, header]
# bad_flag = -9.990e-29
*END*
[from data line 1448]
    576.000     5.8467     5.6151   3.455078   3.393157     1.9934     0.0548     0.1846    35.0710 9.3261e+02     0.1050    570.814    35.0732    34.6103     4.8882    1483.70    27.6366    27.2989 0.0000e+00
    575.000     5.8494     5.6204   3.455309   3.393343     1.9913     0.0616     0.1815    35.0714 9.3285e+02     0.1005    569.824    35.0735    34.6075     4.8828    1483.69    27.6365    27.2961 0.0000e+00
    574.000     5.8427     5.6377   3.454642   3.394062     1.9871     0.0228     0.1848    35.0720 9.3157e+02     0.1031    568.834    35.0734    34.5985     4.8776    1483.65    27.6372    27.2868 0.0000e+00
    573.000     5.8326     5.6544   3.453604   3.394746     1.9859     0.0487     0.1812    35.0719 9.3266e+02     0.1073    567.845    35.0726    34.5897     4.8915    1483.59    27.6379    27.2778 0.0000e+00
    572.000     5.8446     5.6610   3.454698   3.395017     1.9867     0.0260     0.1790    35.0721 9.3273e+02     0.0953    566.855    35.0731    34.5865     4.8893    1483.62    27.6367    27.2744 0.0000e+00
    571.000     5.8568     5.6674   3.455818   3.395267     1.9867     0.0255     0.1805    35.0723 9.3273e+02     0.1043    565.865    35.0736    34.5832     4.8809    1483.65    27.6355    27.2710 0.0000e+00
    570.000     5.8609     5.6733   3.456128   3.395496     1.9863     0.0180     0.1839    35.0721 9.3261e+02     0.1060    564.876    35.0733    34.5803     4.8754    1483.65    27.6348    27.2680 0.0000e+00
    569.000     5.8687     5.6794   3.456763   3.395746     1.9855     0.0063     0.1883    35.0716 9.3261e+02     0.1014    563.886    35.0730    34.5775     4.8679    1483.67    27.6335    27.2650 0.0000e+00
    568.000     5.8810     5.6869   3.457848   3.396081     1.9840     0.0376     0.1872    35.0715 9.3254e+02     0.1064    562.896    35.0730    34.5740     4.8588    1483.70    27.6320    27.2613 0.0000e+00
    567.000     5.8902     5.6971   3.458747   3.396555     1.9820     0.0326     0.1871    35.0727 9.3261e+02     0.0907    561.907    35.0742    34.5696     4.8510    1483.72    27.6318    27.2565 0.0000e+00
    566.000     5.8911     5.7050   3.458729   3.396954     1.9808     0.0328     0.1824    35.0722 9.3270e+02     0.1026    560.917    35.0736    34.5665     4.8520    1483.71    27.6311    27.2531 0.0000e+00
    565.000     5.8964     5.7120   3.459211   3.397318     1.9801     0.0369     0.1823    35.0728 9.3261e+02     0.1061    559.927    35.0741    34.5639     4.8483    1483.71    27.6309    27.2502 0.0000e+00
    564.000     5.9047     5.7193   3.459920   3.397741     1.9795     0.0305     0.1847    35.0727 9.3261e+02     0.1087    558.938    35.0740    34.5618     4.8470    1483.73    27.6298    27.2477 0.0000e+00
    563.000     5.9128     5.7251   3.460641   3.398051     1.9791     0.0210     0.1831    35.0729 9.2910e+02     0.1017    557.948    35.0743    34.5599     4.8412    1483.75    27.6290    27.2454 0.0000e+00
    562.000     5.9205     5.7297   3.461409   3.398314     1.9784     0.0297     0.1814    35.0740 9.3263e+02     0.1036    556.958    35.0755    34.5587     4.8362    1483.76    27.6289    27.2439 0.0000e+00
    561.000     5.9285     5.7341   3.462060   3.398555     1.9778     0.0620     0.1814    35.0734 9.3286e+02     0.1062    555.969    35.0750    34.5574     4.8325    1483.78    27.6275    27.2423 0.0000e+00
    560.000     5.9330     5.7391   3.462461   3.398803     1.9770     0.0311     0.1834    35.0739 9.3310e+02     0.0975    554.979    35.0755    34.5556     4.8275    1483.78    27.6273    27.2402 0.0000e+00
    559.000     5.9424     5.7452   3.463320   3.399106     1.9762     0.0391     0.1822    35.0742 9.3251e+02     0.1003    553.989    35.0759    34.5533     4.8209    1483.80    27.6264    27.2377 0.0000e+00
    558.000     5.9455     5.7558   3.463635   3.399664     1.9736     0.0459     0.1821    35.0753 9.3287e+02     0.1033    553.000    35.0768    34.5493     4.8115    1483.80    27.6267    27.2332 0.0000e+00
    557.000     5.9418     5.7719   3.463237   3.400538     1.9720     0.0213     0.1798    35.0757 9.3304e+02     0.1063    552.010    35.0766    34.5433     4.8172    1483.77    27.6270    27.2264 0.0000e+00
    556.000     5.9795     5.7784   3.466582   3.400881     1.9721     0.0324     0.1831    35.0740 9.3286e+02     0.1027    551.020    35.0760    34.5411     4.8061    1483.90    27.6217    27.2239 0.0000e+00
    555.000     5.9980     5.7827   3.468317   3.401102     1.9710     0.0114     0.1831    35.0745 9.3278e+02     0.1001    550.030    35.0769    34.5396     4.7935    1483.96    27.6201    27.2222 0.0000e+00
    554.000     6.0150     5.7862   3.469775   3.401281     1.9705     0.0152     0.1842    35.0736 9.3362e+02     0.1030    549.041    35.0763    34.5386     4.7844    1484.01    27.6174    27.2210 0.0000e+00
    553.000     6.0277     5.7896   3.470958   3.401429     1.9688     0.0394     0.1886    35.0742 9.3343e+02     0.1038    548.051    35.0770    34.5373     4.7712    1484.04    27.6164    27.2195 0.0000e+00
    552.000     6.0358     5.7934   3.471689   3.401608     1.9674     0.0396     0.1873    35.0745 9.3330e+02     0.1038    547.061    35.0774    34.5360     4.7622    1484.06    27.6156    27.2180 0.0000e+00
    551.000     6.0413     5.7989   3.472209   3.401855     1.9651     0.0329     0.1791    35.0753 9.3040e+02     0.1038    546.072    35.0781    34.5337     4.7522    1484.06    27.6155    27.2154 0.0000e+00
    550.000     6.0315     5.8189   3.471257   3.402755     1.9600     0.0477     0.1854    35.0762 9.3325e+02     0.0996    545.082    35.0780    34.5239     4.7536    1484.01    27.6166    27.2052 0.0000e+00
    549.000     6.0303     5.8353   3.471041   3.403448     1.9594     0.0391     0.1853    35.0759 9.3330e+02     0.1017    544.092    35.0773    34.5156     4.7582    1483.99    27.6162    27.1966 0.0000e+00
    548.000     6.0360     5.8432   3.471565   3.403796     1.9593     0.0331     0.1839    35.0764 9.3360e+02     0.1040    543.102    35.0778    34.5120     4.7564    1483.99    27.6159    27.1927 0.0000e+00
    547.000     6.0503     5.8494   3.472871   3.404063     1.9591     0.0328     0.1820    35.0765 9.3335e+02     0.1063    542.113    35.0782    34.5092     4.7512    1484.03    27.6144    27.1897 0.0000e+00
    546.000     6.0646     5.8546   3.474093   3.404298     1.9587     0.0328     0.1789    35.0758 9.3341e+02     0.1035    541.123    35.0778    34.5070     4.7454    1484.07    27.6122    27.1874 0.0000e+00
    545.000     6.0743     5.8598   3.475014   3.404545     1.9582     0.0328     0.1807    35.0765 9.3324e+02     0.1026    540.133    35.0786    34.5050     4.7365    1484.10    27.6116    27.1851 0.0000e+00
    544.000     6.0825     5.8657   3.475749   3.404805     1.9566     0.0250     0.1831    35.0768 9.3327e+02     0.1026    539.143    35.0789    34.5025     4.7276    1484.11    27.6108    27.1824 0.0000e+00
    543.000     6.0940     5.8731   3.476868   3.405142     1.9554     0.0134     0.1854    35.0780 9.3338e+02     0.1057    538.153    35.0802    34.4993     4.7222    1484.14    27.6103    27.1789 0.0000e+00
    542.000     6.0924     5.8890   3.476708   3.405913     1.9528     0.0380     0.1825    35.0789 9.3208e+02     0.1055    537.164    35.0805    34.4923     4.7201    1484.12    27.6108    27.1714 0.0000e+00
    541.000     6.0967     5.9046   3.477130   3.406693     1.9525     0.0373     0.1835    35.0799 9.3276e+02     0.0988    536.174    35.0813    34.4857     4.7214    1484.12    27.6108    27.1642 0.0000e+00
    540.000     6.1272     5.9129   3.479989   3.407123     1.9515     0.0329     0.1859    35.0804 9.3303e+02     0.0997    535.184    35.0825    34.4827     4.7084    1484.23    27.6078    27.1608 0.0000e+00
    539.000     6.1422     5.9189   3.481395   3.407447     1.9508     0.0328     0.1862    35.0811 9.3274e+02     0.0990    534.194    35.0834    34.4806     4.7014    1484.27    27.6065    27.1584 0.0000e+00
    538.000     6.1513     5.9240   3.482162   3.407715     1.9495     0.0314     0.1868    35.0808 9.3304e+02     0.0977    533.204    35.0831    34.4791     4.6919    1484.29    27.6052    27.1565 0.0000e+00
    537.000     6.1570     5.9290   3.482613   3.407977     1.9481     0.0254     0.1888    35.0806 9.3289e+02     0.1036    532.215    35.0829    34.4775     4.6881    1484.30    27.6042    27.1546 0.0000e+00
    536.000     6.1604     5.9345   3.482885   3.408247     1.9473     0.0306     0.1797    35.0807 9.3274e+02     0.1049    531.225    35.0828    34.4753     4.6862    1484.29    27.6037    27.1522 0.0000e+00
    535.000     6.1612     5.9414   3.482900   3.408558     1.9463     0.0378     0.1808    35.0808 9.3273e+02     0.1038    530.235    35.0828    34.4723     4.6824    1484.28    27.6036    27.1490 0.0000e+00
    534.000     6.1642     5.9497   3.483152   3.408916     1.9451     0.0438     0.1872    35.0811 9.3290e+02     0.0955    529.245    35.0830    34.4684     4.6768    1484.28    27.6033    27.1448 0.0000e+00
    533.000     6.1668     5.9589   3.483362   3.409335     1.9436     0.0379     0.1837    35.0815 9.3298e+02     0.0958    528.255    35.0832    34.4643     4.6715    1484.27    27.6032    27.1404 0.0000e+00
    532.000     6.1668     5.9735   3.483331   3.410057     1.9421     0.0396     0.1832    35.0819 9.3192e+02     0.1004    527.266    35.0833    34.4581     4.6712    1484.25    27.6032    27.1337 0.0000e+00
    531.000     6.1675     5.9920   3.483315   3.411083     1.9414     0.0272     0.1900    35.0819 9.3302e+02     0.1063    526.276    35.0829    34.4514     4.6732    1484.24    27.6028    27.1261 0.0000e+00
    530.000     6.1742     5.9996   3.483859   3.411504     1.9413     0.0404     0.1812    35.0815 9.3297e+02     0.1026    525.286    35.0826    34.4490     4.6681    1484.25    27.6017    27.1232 0.0000e+00
    529.000     6.1777     6.0046   3.484179   3.411798     1.9408     0.0300     0.1866    35.0820 9.3326e+02     0.0993    524.296    35.0831    34.4477     4.6632    1484.25    27.6016    27.1215 0.0000e+00
    528.000     6.1815     6.0088   3.484451   3.412014     1.9402     0.0253     0.1888    35.0816 9.3277e+02     0.0951    523.306    35.0827    34.4464     4.6625    1484.24    27.6008    27.1200 0.0000e+00
    527.000     6.1832     6.0127   3.484575   3.412219     1.9403     0.0124     0.1844    35.0818 9.3280e+02     0.0996    522.316    35.0829    34.4453     4.6640    1484.23    27.6007    27.1186 0.0000e+00
    526.000     6.1852     6.0167   3.484717   3.412448     1.9402     0.0108     0.1835    35.0819 9.3296e+02     0.1076    521.326    35.0829    34.4442     4.6618    1484.23    27.6005    27.1172 0.0000e+00
    525.000     6.1919     6.0212   3.485252   3.412672     1.9401     0.0108     0.1812    35.0814 9.3326e+02     0.1066    520.337    35.0825    34.4427     4.6565    1484.24    27.5993    27.1154 0.0000e+00
    524.000     6.1915     6.0332   3.485219   3.413352     1.9386     0.0242     0.1850    35.0821 9.3301e+02     0.1034    519.347    35.0830    34.4387     4.6532    1484.22    27.5997    27.1108 0.0000e+00
    523.000     6.1876     6.0562   3.484775   3.414773     1.9386     0.0455     0.1854    35.0820 9.3296e+02     0.0995    518.357    35.0825    34.4318     4.6637    1484.19    27.5998    27.1024 0.0000e+00
    522.000     6.1894     6.0604   3.484937   3.415060     1.9393     0.0475     0.1883    35.0825 9.2949e+02     0.1014    517.367    35.0830    34.4314     4.6616    1484.18    27.6000    27.1015 0.0000e+00
    521.000     6.2086     6.0643   3.486667   3.415337     1.9397     0.0418     0.1855    35.0821 9.3275e+02     0.1065    516.377    35.0832    34.4309     4.6549    1484.24    27.5976    27.1006 0.0000e+00
    520.000     6.2250     6.0676   3.488091   3.415586     1.9390     0.0326     0.1813    35.0813 9.3332e+02     0.1112    515.387    35.0828    34.4309     4.6447    1484.28    27.5951    27.1002 0.0000e+00
    519.000     6.2306     6.0708   3.488656   3.415822     1.9383     0.0521     0.1823    35.0823 9.3279e+02     0.1068    514.397    35.0838    34.4308     4.6384    1484.29    27.5952    27.0997 0.0000e+00
    518.000     6.2388     6.0747   3.489372   3.416094     1.9375     0.0595     0.1838    35.0823 9.3329e+02     0.1039    513.407    35.0839    34.4305     4.6326    1484.31    27.5942    27.0989 0.0000e+00
    517.000     6.2458     6.0796   3.490088   3.416395     1.9362     0.0266     0.1862    35.0836 9.3348e+02     0.1007    512.418    35.0853    34.4293     4.6259    1484.32    27.5944    27.0974 0.0000e+00
    516.000     6.2589     6.0859   3.491238   3.416791     1.9346     0.0480     0.1918    35.0833 9.3301e+02     0.0983    511.428    35.0851    34.4280     4.6168    1484.36    27.5925    27.0955 0.0000e+00
    515.000     6.2520     6.1011   3.490520   3.417838     1.9310     0.0318     0.1854    35.0836 9.3288e+02     0.1073    510.438    35.0847    34.4248     4.6151    1484.31    27.5931    27.0910 0.0000e+00
    514.000     6.2453     6.1133   3.489881   3.418737     1.9317     0.0217     0.1814    35.0842 9.3273e+02     0.1000    509.448    35.0850    34.4230     4.6319    1484.27    27.5942    27.0881 0.0000e+00
    513.000     6.2851     6.1171   3.493689   3.419011     1.9326     0.0218     0.1832    35.0854 9.3341e+02     0.0992    508.458    35.0872    34.4228     4.6221    1484.41    27.5907    27.0874 0.0000e+00
    512.000     6.3253     6.1202   3.497533   3.419234     1.9323     0.0328     0.1885    35.0865 9.3355e+02     0.0989    507.468    35.0894    34.4226     4.6074    1484.56    27.5871    27.0869 0.0000e+00
    511.000     6.3430     6.1231   3.499302   3.419453     1.9317     0.0353     0.1886    35.0882 9.3031e+02     0.0997    506.478    35.0914    34.4227     4.5937    1484.61    27.5864    27.0865 0.0000e+00
    510.000     6.3577     6.1270   3.500560   3.419694     1.9299     0.0402     0.1886    35.0875 9.3127e+02     0.1001    505.488    35.0909    34.4219     4.5807    1484.65    27.5841    27.0854 0.0000e+00
    509.000     6.3486     6.1472   3.499720   3.420736     1.9250     0.0376     0.1837    35.0890 9.3268e+02     0.1023    504.498    35.0914    34.4137     4.5729    1484.60    27.5856    27.0763 0.0000e+00
    508.000     6.3614     6.1808   3.500876   3.422551     1.9209     0.0253     0.1848    35.0899 9.3332e+02     0.1037    503.508    35.0917    34.4005     4.5596    1484.64    27.5842    27.0616 0.0000e+00
    507.000     6.3365     6.1921   3.498415   3.423236     1.9195     0.0241     0.1872    35.0895 9.3322e+02     0.1027    502.518    35.0902    34.3973     4.5685    1484.52    27.5863    27.0576 0.0000e+00
    506.000     6.4745     6.4345   3.511949   3.451562     1.9066     0.0396     0.1857    35.1000 9.3250e+02     0.1048    501.528    35.1002    34.4693     4.5085    1485.06    27.5759    27.0832 0.0000e+00
    505.000     6.4579     6.4590   3.510227   3.485019     1.9084     0.0326     0.1838    35.0983 9.3283e+02     0.1053    500.538    35.0985    34.8170     4.5136    1484.97    27.5768    27.3544 0.0000e+00
    504.000     6.4549     6.4493   3.509871   3.487183     1.9090     0.0477     0.1814    35.0978 9.3293e+02     0.0999    499.548    35.0980    34.8513     4.5254    1484.94    27.5768    27.3828 0.0000e+00
    503.000     6.4565     6.4493   3.509987   3.487251     1.9097     0.0475     0.1793    35.0980 9.3314e+02     0.0963    498.558    35.0982    34.8526     4.5234    1484.93    27.5767    27.3837 0.0000e+00
    502.000     6.4584     6.4493   3.510131   3.487425     1.9096     0.0475     0.1790    35.0981 9.2874e+02     0.0985    497.568    35.0984    34.8550     4.5200    1484.93    27.5766    27.3856 0.0000e+00
