05_ctd/ctd_files/ar43_007.cnv
* Sea-Bird SBE 9 Data File:
* FileName = D:\Data\AR43_007.hex
* Software Version Seasave V 7.26.7.121
* Temperature SN = 4252
* Conductivity SN = 1860
* Number of Bytes Per Scan = 40
* Number of Voltage Words = 5
* Number of Scans Averaged by the Deck Unit = 1
* NMEA Latitude = 39 40.83 N
* NMEA Longitude = 070 57.71 W
* NMEA UTC (Time) = Mar 15 2020  01:18:13
** Cruise ID: AR43
** Chief Sci:
** Station #:
** Site ID:
# nquan = 19
# nvalues = 2021                        
# units = specified
# name 0 = prDM: Pressure, Digiquartz [db]
# name 1 = t090C: Temperature [ITS-90, deg C]
# name 2 = t190C: Temperature, 2 [ITS-90, deg C]
# name 3 = c0S/m: Conductivity [S/m]
# name 4 = c1S/m: Conductivity, 2 [S/m]
# name 5 = sbeox0V: Oxygen raw, SBE 43 [V]
# name 6 = flECO-AFL: Fluorescence, WET Labs ECO-AFL/FL [mg/m^3]
# name 7 = turbWETntu0: Turbidity, WET Labs ECO [NTU]
# name 8 = sal00: Salinity, Practical [PSU]
# name 9 = spar: SPAR, Biospherical/Licor
# name 10 = v6: Voltage 6
# name 11 = depSM: Depth [salt water, m], lat = 39.6805
# name 12 = sal00: Salinity, Practical [PSU]
# name 13 = sal11: Salinity, Practical, 2 [PSU]
# name 14 = sbeox0ML/L: Oxygen, SBE 43 [ml/l], WS = 2
# name 15 = svCM: Sound Velocity [Chen-Millero, m/s]
# name 16 = sigma-é00: Density [sigma-theta, kg/m^3]
# name 17 = sigma-é11: Density, 2 [sigma-theta, kg/m^3]
# name 18 = flag: flag
# span 0 =      3.000,   1013.000       
# span 1 =     4.3739,    14.0304       
# span 2 =     4.3746,    14.0305       
# span 3 =   3.332178,   4.276624       
# span 4 =   3.332289,   4.276827       
# span 5 =     1.5219,     2.7731       
# span 6 =    -0.0038,     1.3802       
# span 7 =     0.1733,     0.5585       
# span 8 =    34.9747,    35.7074       
# span 9 = 1.5566e+01, 9.5733e+02       
# span 10 =     0.0706,     0.1176      
# span 11 =      2.977,   1002.822      
# span 12 =    34.9748,    35.7092      
# span 13 =    34.9749,    35.7150      
# span 14 =     2.9026,     5.8442      
# span 15 =    1482.02,    1506.58      
# span 16 =    26.5572,    27.7355      
# span 17 =    26.5543,    27.7359      
# span 18 = 0.0000e+00, 0.0000e+00      
# interval = decibars: 1                
# start_time = Mar 15 2020 01:18:13 [NMEA time, header]
# bad_flag = -9.990e-29
*END*
[from data line 153]
    156.000    13.2195    13.2213   4.195809   4.196151     1.8110     0.0294     0.1909    35.6826 9.5529e+02     0.0898    154.751    35.6753    35.6768     3.3689    1504.30    26.8761    26.8769 0.0000e+00
    157.000    13.1647    13.1669   4.190075   4.190465     1.7965     0.0255     0.1912    35.6797 9.5520e+02     0.0964    155.742    35.6718    35.6734     3.3345    1504.13    26.8846    26.8854 0.0000e+00
    158.000    13.0918    13.0960   4.182096   4.182671     1.7824     0.0337     0.1939    35.6727 9.5496e+02     0.1011    156.734    35.6638    35.6653     3.3056    1503.90    26.8932    26.8936 0.0000e+00
    159.000    13.0499    13.0518   4.177688   4.178017     1.7689     0.0403     0.1940    35.6696 9.5508e+02     0.0980    157.726    35.6607    35.6620     3.2814    1503.77    26.8993    26.9000 0.0000e+00
    160.000    13.0068    13.0097   4.173114   4.173578     1.7541     0.0477     0.1898    35.6659 9.5292e+02     0.0921    158.717    35.6571    35.6588     3.2524    1503.64    26.9053    26.9060 0.0000e+00
    161.000    12.9322    12.9348   4.165044   4.165432     1.7400     0.0162     0.1980    35.6589 9.5535e+02     0.0880    159.709    35.6498    35.6510     3.2359    1503.40    26.9147    26.9151 0.0000e+00
    162.000    12.8978    12.8993   4.161230   4.161517     1.7307     0.0332     0.1960    35.6538 9.5526e+02     0.0908    160.700    35.6452    35.6466     3.2176    1503.30    26.9181    26.9188 0.0000e+00
    163.000    12.8322    12.8334   4.153920   4.154155     1.7230     0.0686     0.1889    35.6457 9.5529e+02     0.0969    161.692    35.6365    35.6376     3.1976    1503.08    26.9245    26.9251 0.0000e+00
    164.000    12.7602    12.7614   4.146356   4.146582     1.7147     0.0318     0.1888    35.6414 9.5519e+02     0.1000    162.684    35.6314    35.6324     3.1807    1502.85    26.9349    26.9355 0.0000e+00
    165.000    12.7170    12.7182   4.141695   4.141942     1.7075     0.0467     0.1939    35.6369 9.5519e+02     0.1000    163.675    35.6270    35.6282     3.1716    1502.72    26.9402    26.9409 0.0000e+00
    166.000    12.6786    12.6805   4.137394   4.137732     1.7011     0.0455     0.1930    35.6311 9.5538e+02     0.0952    164.667    35.6214    35.6229     3.1639    1502.60    26.9435    26.9443 0.0000e+00
    167.000    12.6344    12.6358   4.132827   4.133111     1.6958     0.0314     0.1912    35.6283 9.5553e+02     0.0877    165.658    35.6188    35.6202     3.1575    1502.47    26.9503    26.9511 0.0000e+00
    168.000    12.5842    12.5869   4.127203   4.127594     1.6919     0.0424     0.1925    35.6212 9.5529e+02     0.0914    166.650    35.6116    35.6128     3.1559    1502.31    26.9547    26.9551 0.0000e+00
    169.000    12.5633    12.5644   4.125253   4.125478     1.6889     0.0450     0.1936    35.6211 9.5530e+02     0.0972    167.641    35.6121    35.6133     3.1515    1502.25    26.9593    26.9599 0.0000e+00
    170.000    12.5603    12.5608   4.124945   4.125107     1.6862     0.0310     0.1936    35.6195 9.5508e+02     0.1020    168.633    35.6115    35.6127     3.1435    1502.26    26.9594    26.9602 0.0000e+00
    171.000    12.5283    12.5312   4.121323   4.121771     1.6824     0.0279     0.1936    35.6143 9.5517e+02     0.1021    169.624    35.6064    35.6080     3.1339    1502.16    26.9618    26.9625 0.0000e+00
    172.000    12.4910    12.4929   4.117314   4.117642     1.6783     0.0239     0.1945    35.6102 9.5524e+02     0.0924    170.616    35.6026    35.6039     3.1287    1502.05    26.9662    26.9669 0.0000e+00
    173.000    12.4360    12.4383   4.111236   4.111632     1.6749     0.0192     0.1933    35.6033 9.5516e+02     0.0913    171.608    35.5955    35.5971     3.1281    1501.87    26.9715    26.9723 0.0000e+00
    174.000    12.4036    12.4054   4.107810   4.108132     1.6721     0.0496     0.1950    35.5999 9.5579e+02     0.1030    172.599    35.5926    35.5940     3.1251    1501.78    26.9757    26.9764 0.0000e+00
    175.000    12.3885    12.3893   4.106195   4.106426     1.6698     0.0478     0.1937    35.5974 9.5515e+02     0.0981    173.591    35.5908    35.5923     3.1168    1501.74    26.9772    26.9782 0.0000e+00
    176.000    12.3465    12.3450   4.101253   4.101173     1.6670     0.0179     0.1911    35.5892 9.5140e+02     0.0989    174.582    35.5823    35.5830     3.1080    1501.60    26.9789    26.9797 0.0000e+00
    177.000    12.2849    12.2884   4.094219   4.094699     1.6641     0.0322     0.1927    35.5799 9.5527e+02     0.1001    175.574    35.5721    35.5734     3.1030    1501.40    26.9830    26.9833 0.0000e+00
    178.000    12.2074    12.2087   4.085787   4.086017     1.6609     0.0371     0.1924    35.5724 9.5521e+02     0.0924    176.565    35.5632    35.5643     3.1014    1501.14    26.9912    26.9918 0.0000e+00
    179.000    12.1466    12.1486   4.079140   4.079453     1.6583     0.0266     0.1888    35.5657 9.5508e+02     0.0853    177.557    35.5559    35.5571     3.1022    1500.95    26.9973    26.9978 0.0000e+00
    180.000    12.1269    12.1283   4.077164   4.077430     1.6556     0.0473     0.1915    35.5639 9.5516e+02     0.0943    178.548    35.5549    35.5562     3.0997    1500.89    27.0004    27.0011 0.0000e+00
    181.000    12.1169    12.1185   4.076054   4.076342     1.6526     0.0202     0.1937    35.5609 9.5554e+02     0.1034    179.540    35.5532    35.5545     3.0939    1500.87    27.0010    27.0018 0.0000e+00
    182.000    12.0909    12.0929   4.073162   4.073511     1.6503     0.0217     0.1923    35.5565 9.5516e+02     0.1001    180.531    35.5493    35.5508     3.0903    1500.80    27.0030    27.0038 0.0000e+00
    183.000    12.0728    12.0734   4.071220   4.071401     1.6480     0.0419     0.1943    35.5537 9.5517e+02     0.0949    181.523    35.5471    35.5484     3.0847    1500.75    27.0049    27.0057 0.0000e+00
    184.000    12.0590    12.0597   4.069647   4.069863     1.6459     0.0359     0.1928    35.5506 9.5538e+02     0.0900    182.514    35.5445    35.5459     3.0810    1500.72    27.0055    27.0065 0.0000e+00
    185.000    12.0369    12.0382   4.067318   4.067601     1.6438     0.0223     0.1926    35.5483 9.5509e+02     0.1025    183.506    35.5424    35.5438     3.0761    1500.66    27.0081    27.0090 0.0000e+00
    186.000    11.9896    11.9933   4.061776   4.062290     1.6415     0.0257     0.1947    35.5392 9.5546e+02     0.0959    184.497    35.5327    35.5343     3.0721    1500.50    27.0097    27.0103 0.0000e+00
    187.000    11.9051    11.9066   4.052499   4.052775     1.6386     0.0358     0.1933    35.5299 9.5531e+02     0.0962    185.489    35.5221    35.5233     3.0638    1500.21    27.0177    27.0184 0.0000e+00
    188.000    11.8610    11.8607   4.047552   4.047629     1.6339     0.0334     0.1914    35.5233 9.5529e+02     0.0995    186.480    35.5153    35.5162     3.0505    1500.07    27.0208    27.0216 0.0000e+00
    189.000    11.8463    11.8475   4.045974   4.046255     1.6292     0.0177     0.1989    35.5208 9.5535e+02     0.0990    187.472    35.5134    35.5149     3.0416    1500.04    27.0222    27.0231 0.0000e+00
    190.000    11.8442    11.8452   4.045812   4.046047     1.6249     0.0401     0.1945    35.5197 9.5532e+02     0.0890    188.463    35.5133    35.5147     3.0364    1500.05    27.0225    27.0234 0.0000e+00
    191.000    11.8436    11.8440   4.045835   4.045966     1.6226     0.0401     0.1983    35.5192 9.5557e+02     0.0891    189.454    35.5137    35.5146     3.0380    1500.06    27.0230    27.0236 0.0000e+00
    192.000    11.8432    11.8441   4.045847   4.046053     1.6214     0.0431     0.1927    35.5185 9.5284e+02     0.1002    190.446    35.5138    35.5149     3.0320    1500.08    27.0231    27.0238 0.0000e+00
    193.000    11.8206    11.8218   4.043042   4.043279     1.6178     0.0505     0.1902    35.5121 9.5526e+02     0.1025    191.437    35.5074    35.5085     3.0150    1500.01    27.0225    27.0231 0.0000e+00
    194.000    11.7598    11.7589   4.036448   4.036398     1.6134     0.0485     0.1894    35.5059 9.5531e+02     0.1001    192.429    35.5001    35.5005     3.0125    1499.81    27.0284    27.0289 0.0000e+00
    195.000    11.7337    11.7316   4.033809   4.033764     1.6121     0.0321     0.1917    35.5045 9.5518e+02     0.0973    193.420    35.4987    35.5003     3.0228    1499.73    27.0323    27.0339 0.0000e+00
    196.000    11.7122    11.7132   4.031405   4.031623     1.6122     0.0322     0.1948    35.5008 9.5527e+02     0.0945    194.412    35.4952    35.4964     3.0236    1499.67    27.0336    27.0344 0.0000e+00
    197.000    11.6819    11.6828   4.028049   4.028261     1.6101     0.0254     0.1866    35.4963 9.5543e+02     0.0945    195.403    35.4907    35.4919     3.0095    1499.58    27.0359    27.0366 0.0000e+00
    198.000    11.6246    11.6254   4.021355   4.021550     1.6054     0.0288     0.1904    35.4854 9.5517e+02     0.0965    196.394    35.4791    35.4802     2.9932    1499.38    27.0377    27.0384 0.0000e+00
    199.000    11.5796    11.5826   4.016494   4.016951     1.6002     0.0369     0.1954    35.4804 9.5536e+02     0.0991    197.386    35.4737    35.4753     2.9797    1499.24    27.0420    27.0427 0.0000e+00
    200.000    11.5590    11.5618   4.014193   4.014631     1.5944     0.0240     0.1957    35.4766 9.5558e+02     0.1026    198.377    35.4703    35.4719     2.9698    1499.18    27.0432    27.0439 0.0000e+00
    201.000    11.5083    11.5112   4.008583   4.009033     1.5898     0.0278     0.1999    35.4697 9.5516e+02     0.0958    199.369    35.4630    35.4646     2.9671    1499.01    27.0471    27.0478 0.0000e+00
    202.000    11.4857    11.4870   4.006281   4.006546     1.5870     0.0368     0.1960    35.4677 9.5536e+02     0.0933    200.360    35.4615    35.4628     2.9692    1498.95    27.0501    27.0509 0.0000e+00
    203.000    11.4467    11.4492   4.001769   4.002164     1.5862     0.0327     0.1924    35.4602 9.5656e+02     0.0924    201.351    35.4537    35.4553     2.9706    1498.82    27.0514    27.0521 0.0000e+00
    204.000    11.4145    11.4151   3.998520   3.998661     1.5843     0.0287     0.1925    35.4585 9.5654e+02     0.1040    202.343    35.4520    35.4528     2.9642    1498.72    27.0560    27.0566 0.0000e+00
    205.000    11.3798    11.3820   3.994338   3.994690     1.5826     0.0197     0.1956    35.4501 9.5681e+02     0.1030    203.334    35.4434    35.4448     2.9624    1498.61    27.0558    27.0565 0.0000e+00
    206.000    11.3180    11.3195   3.987761   3.988030     1.5802     0.0288     0.1934    35.4445 9.5662e+02     0.0972    204.326    35.4370    35.4382     2.9575    1498.40    27.0623    27.0630 0.0000e+00
    207.000    11.2760    11.2789   3.983075   3.983541     1.5771     0.0462     0.1919    35.4379 9.5350e+02     0.0899    205.317    35.4304    35.4322     2.9515    1498.27    27.0650    27.0658 0.0000e+00
    208.000    11.2695    11.2698   3.982491   3.982623     1.5739     0.0384     0.1974    35.4369 9.5650e+02     0.0924    206.308    35.4303    35.4314     2.9424    1498.26    27.0661    27.0669 0.0000e+00
    209.000    11.2450    11.2473   3.979751   3.980086     1.5708     0.0350     0.1988    35.4325 9.5630e+02     0.1003    207.300    35.4261    35.4273     2.9444    1498.19    27.0674    27.0679 0.0000e+00
    210.000    11.0725    11.0778   3.960601   3.961249     1.5714     0.0441     0.1946    35.4111 9.5631e+02     0.1023    208.291    35.4008    35.4022     2.9694    1497.57    27.0793    27.0794 0.0000e+00
    211.000    10.9710    10.9736   3.950045   3.950403     1.5724     0.0586     0.1986    35.4042 9.5651e+02     0.1014    209.282    35.3926    35.3937     2.9744    1497.23    27.0914    27.0918 0.0000e+00
    212.000    10.9267    10.9283   3.945336   3.945603     1.5716     0.0184     0.2009    35.3991 9.5616e+02     0.0955    210.274    35.3878    35.3889     2.9702    1497.08    27.0958    27.0963 0.0000e+00
    213.000    10.9183    10.9177   3.944475   3.944485     1.5706     0.0107     0.1960    35.3969 9.5652e+02     0.0991    211.265    35.3868    35.3875     2.9666    1497.07    27.0965    27.0971 0.0000e+00
    214.000    10.8561    10.8598   3.937396   3.937912     1.5690     0.0517     0.1938    35.3859 9.5667e+02     0.0958    212.257    35.3754    35.3770     2.9647    1496.85    27.0989    27.0995 0.0000e+00
    215.000    10.8078    10.8092   3.932513   3.932781     1.5670     0.0391     0.1960    35.3828 9.5637e+02     0.0990    213.248    35.3726    35.3738     2.9658    1496.69    27.1054    27.1061 0.0000e+00
    216.000    10.7454    10.7470   3.925753   3.926000     1.5660     0.0283     0.1977    35.3745 9.5627e+02     0.1032    214.239    35.3644    35.3653     2.9683    1496.48    27.1103    27.1107 0.0000e+00
    217.000    10.7165    10.7169   3.922509   3.922659     1.5642     0.0412     0.1994    35.3686 9.5631e+02     0.1016    215.230    35.3593    35.3604     2.9604    1496.39    27.1115    27.1122 0.0000e+00
    218.000    10.6728    10.6750   3.917684   3.918003     1.5621     0.0347     0.2028    35.3619 9.5698e+02     0.0973    216.222    35.3524    35.3535     2.9524    1496.24    27.1139    27.1144 0.0000e+00
    219.000    10.6475    10.6488   3.914951   3.915193     1.5589     0.0405     0.2008    35.3581 9.5677e+02     0.0944    217.213    35.3490    35.3501     2.9440    1496.17    27.1158    27.1164 0.0000e+00
    220.000    10.6008    10.6035   3.909700   3.910067     1.5560     0.0473     0.2010    35.3501 9.5648e+02     0.0964    218.204    35.3407    35.3418     2.9408    1496.01    27.1176    27.1180 0.0000e+00
    221.000    10.5809    10.5821   3.907784   3.908002     1.5533     0.0287     0.1922    35.3490 9.5651e+02     0.0986    219.196    35.3402    35.3412     2.9393    1495.95    27.1209    27.1214 0.0000e+00
    222.000    10.5794    10.5807   3.907721   3.907959     1.5515     0.0376     0.1970    35.3482 9.5666e+02     0.0998    220.187    35.3406    35.3417     2.9390    1495.97    27.1214    27.1220 0.0000e+00
    223.000    10.5801    10.5810   3.907884   3.908086     1.5500     0.0322     0.1962    35.3475 9.5443e+02     0.1001    221.178    35.3411    35.3422     2.9369    1495.99    27.1217    27.1224 0.0000e+00
    224.000    10.5765    10.5778   3.907501   3.907756     1.5486     0.0196     0.1961    35.3458 9.5653e+02     0.0952    222.170    35.3403    35.3415     2.9336    1495.99    27.1217    27.1225 0.0000e+00
    225.000    10.5504    10.5518   3.904646   3.904889     1.5473     0.0256     0.1944    35.3416 9.5658e+02     0.0970    223.161    35.3362    35.3374     2.9305    1495.91    27.1232    27.1239 0.0000e+00
    226.000    10.5251    10.5264   3.901912   3.902161     1.5451     0.0235     0.1925    35.3380 9.5645e+02     0.0987    224.152    35.3327    35.3339     2.9217    1495.83    27.1249    27.1257 0.0000e+00
    227.000    10.4990    10.5000   3.899105   3.899290     1.5428     0.0287     0.1967    35.3344 9.5635e+02     0.0975    225.144    35.3291    35.3301     2.9177    1495.75    27.1268    27.1274 0.0000e+00
    228.000    10.4678    10.4690   3.895706   3.895928     1.5406     0.0601     0.1984    35.3301 9.5621e+02     0.0973    226.135    35.3245    35.3256     2.9132    1495.65    27.1287    27.1293 0.0000e+00
    229.000    10.4186    10.4190   3.889951   3.890095     1.5385     0.0331     0.1961    35.3197 9.5665e+02     0.0988    227.126    35.3134    35.3146     2.9120    1495.48    27.1287    27.1296 0.0000e+00
    230.000    10.3341    10.3360   3.880949   3.881221     1.5364     0.0141     0.1940    35.3116 9.5661e+02     0.0868    228.117    35.3038    35.3047     2.9102    1495.18    27.1361    27.1364 0.0000e+00
