05_ctd/ctd_files/ar43_006.cnv
* Sea-Bird SBE 9 Data File:
* FileName = D:\Data\AR43_006.hex
* Software Version Seasave V 7.26.7.121
* Temperature SN = 4252
* Conductivity SN = 1860
* Number of Bytes Per Scan = 40
* Number of Voltage Words = 5
* Number of Scans Averaged by the Deck Unit = 1
* NMEA Latitude = 39 38.54 N
* NMEA Longitude = 070 51.35 W
* NMEA UTC (Time) = Mar 14 2020  16:10:50
** Cruise ID: AR43
** Chief Sci:
** Station #:
** Site ID:
# nquan = 19
# nvalues = 2021                        
# units = specified
# name 0 = prDM: Pressure, Digiquartz [db]
# name 1 = t090C: Temperature [ITS-90, deg C]
# name 2 = t190C: Temperature, 2 [ITS-90, deg C]
# name 3 = c0S/m: Conductivity [S/m]
# name 4 = c1S/m: Conductivity, 2 [S/m]
# name 5 = sbeox0V: Oxygen raw, SBE 43 [V]
# name 6 = flECO-AFL: Fluorescence, WET Labs ECO-AFL/FL [mg/m^3]
# name 7 = turbWETntu0: Turbidity, WET Labs ECO [NTU]
# name 8 = sal00: Salinity, Practical [PSU]
# name 9 = spar: SPAR, Biospherical/Licor
# name 10 = v6: Voltage 6
# name 11 = depSM: Depth [salt water, m], lat = 39.6423
# name 12 = sal00: Salinity, Practical [PSU]
# name 13 = sal11: Salinity, Practical, 2 [PSU]
# name 14 = sbeox0ML/L: Oxygen, SBE 43 [ml/l], WS = 2
# name 15 = svCM: Sound Velocity [Chen-Millero, m/s]
# name 16 = sigma-é00: Density [sigma-theta, kg/m^3]
# name 17 = sigma-é11: Density, 2 [sigma-theta, kg/m^3]
# name 18 = flag: flag
# span 0 =      4.000,   1014.000       
# span 1 =     4.3051,    14.3143       
# span 2 =     4.3062,    14.3206       
# span 3 =   3.325183,   4.308073       
# span 4 =   3.325289,   4.308777       
# span 5 =     1.5813,     2.7337       
# span 6 =     0.0029,     0.8643       
# span 7 =     0.1738,     0.2958       
# span 8 =    34.9667,    35.7603       
# span 9 = 1.6104e+02, 9.6694e+02       
# span 10 =     0.0477,     0.1171      
# span 11 =      3.969,   1003.813      
# span 12 =    34.9666,    35.7608      
# span 13 =    34.9670,    35.7653      
# span 14 =     3.0101,     5.8437      
# span 15 =    1481.97,    1507.50      
# span 16 =    26.5252,    27.7359      
# span 17 =    26.5248,    27.7360      
# span 18 = 0.0000e+00, 0.0000e+00      
# interval = decibars: 1                
# start_time = Mar 14 2020 16:10:50 [NMEA time, header]
# bad_flag = -9.990e-29
*END*
[from data line 458]
    462.000     6.8783     6.8794   3.548703   3.548824     1.8530     0.0307     0.1802    35.1190 9.4357e+02     0.1009    457.964    35.1166    35.1167     4.2786    1485.93    27.5337    27.5337 0.0000e+00
    463.000     6.8741     6.8754   3.548349   3.548471     1.8539     0.0373     0.1803    35.1187 9.4294e+02     0.1012    458.954    35.1164    35.1164     4.2808    1485.93    27.5341    27.5340 0.0000e+00
    464.000     6.8677     6.8689   3.547770   3.547878     1.8551     0.0354     0.1781    35.1183 9.4356e+02     0.1038    459.944    35.1161    35.1160     4.2853    1485.92    27.5348    27.5346 0.0000e+00
    465.000     6.8582     6.8594   3.546921   3.547038     1.8555     0.0377     0.1774    35.1181 9.4290e+02     0.1038    460.934    35.1159    35.1159     4.2863    1485.90    27.5359    27.5358 0.0000e+00
    466.000     6.8509     6.8525   3.546238   3.546390     1.8563     0.0301     0.1804    35.1174 9.4277e+02     0.0973    461.924    35.1153    35.1154     4.2886    1485.89    27.5365    27.5363 0.0000e+00
    467.000     6.8324     6.8341   3.544458   3.544617     1.8566     0.0441     0.1778    35.1164 9.3824e+02     0.1044    462.914    35.1140    35.1141     4.2940    1485.83    27.5380    27.5379 0.0000e+00
    468.000     6.8105     6.8120   3.542423   3.542559     1.8576     0.0259     0.1862    35.1161 9.4341e+02     0.1019    463.904    35.1134    35.1134     4.3044    1485.76    27.5405    27.5403 0.0000e+00
    469.000     6.7958     6.7972   3.541099   3.541230     1.8592     0.0258     0.1840    35.1161 9.4383e+02     0.0993    464.895    35.1133    35.1133     4.3160    1485.72    27.5425    27.5423 0.0000e+00
    470.000     6.7895     6.7907   3.540550   3.540676     1.8619     0.0326     0.1914    35.1157 9.4378e+02     0.0981    465.885    35.1131    35.1133     4.3267    1485.71    27.5432    27.5432 0.0000e+00
    471.000     6.7875     6.7888   3.540414   3.540540     1.8638     0.0297     0.1916    35.1153 9.4394e+02     0.1047    466.875    35.1132    35.1133     4.3212    1485.72    27.5436    27.5435 0.0000e+00
    472.000     6.7826     6.7840   3.539997   3.540125     1.8638     0.0372     0.1874    35.1151 9.4428e+02     0.1082    467.865    35.1131    35.1131     4.3208    1485.72    27.5442    27.5440 0.0000e+00
    473.000     6.7775     6.7789   3.539543   3.539680     1.8641     0.0531     0.1863    35.1147 9.4396e+02     0.1063    468.855    35.1128    35.1128     4.3264    1485.71    27.5446    27.5445 0.0000e+00
    474.000     6.7731     6.7745   3.539189   3.539324     1.8647     0.0400     0.1863    35.1147 9.4396e+02     0.1075    469.845    35.1129    35.1129     4.3287    1485.71    27.5453    27.5452 0.0000e+00
    475.000     6.7670     6.7684   3.538616   3.538758     1.8649     0.0533     0.1885    35.1141 9.4404e+02     0.1009    470.835    35.1123    35.1124     4.3277    1485.70    27.5457    27.5456 0.0000e+00
    476.000     6.7502     6.7520   3.536952   3.537121     1.8650     0.0548     0.1844    35.1125 9.4376e+02     0.0974    471.825    35.1105    35.1105     4.3309    1485.65    27.5465    27.5464 0.0000e+00
    477.000     6.7094     6.7121   3.533038   3.533295     1.8656     0.0400     0.1881    35.1112 9.4338e+02     0.0988    472.815    35.1083    35.1084     4.3450    1485.51    27.5504    27.5501 0.0000e+00
    478.000     6.6944     6.6955   3.531646   3.531760     1.8677     0.0283     0.1845    35.1106 9.4351e+02     0.1020    473.806    35.1078    35.1079     4.3584    1485.47    27.5520    27.5520 0.0000e+00
    479.000     6.6895     6.6906   3.531222   3.531325     1.8697     0.0425     0.1804    35.1102 9.4384e+02     0.1010    474.796    35.1075    35.1076     4.3647    1485.46    27.5525    27.5524 0.0000e+00
    480.000     6.6883     6.6894   3.531172   3.531267     1.8710     0.0550     0.1889    35.1101 9.4396e+02     0.1006    475.786    35.1077    35.1077     4.3651    1485.47    27.5529    27.5527 0.0000e+00
    481.000     6.6864     6.6872   3.531019   3.531090     1.8715     0.0403     0.1909    35.1096 9.4375e+02     0.1004    476.776    35.1075    35.1075     4.3638    1485.48    27.5529    27.5528 0.0000e+00
    482.000     6.6790     6.6811   3.530328   3.530534     1.8722     0.0064     0.1903    35.1089 9.3975e+02     0.0981    477.766    35.1069    35.1070     4.3667    1485.47    27.5535    27.5533 0.0000e+00
    483.000     6.6722     6.6734   3.529743   3.529853     1.8728     0.0394     0.1818    35.1088 9.4410e+02     0.1050    478.756    35.1069    35.1069     4.3712    1485.46    27.5544    27.5543 0.0000e+00
    484.000     6.6696     6.6705   3.529537   3.529637     1.8735     0.0379     0.1848    35.1085 9.4374e+02     0.1031    479.746    35.1068    35.1070     4.3708    1485.47    27.5547    27.5547 0.0000e+00
    485.000     6.6667     6.6681   3.529303   3.529431     1.8732     0.0456     0.1858    35.1082 9.4408e+02     0.1099    480.736    35.1066    35.1066     4.3696    1485.47    27.5550    27.5548 0.0000e+00
    486.000     6.6609     6.6619   3.528815   3.528919     1.8735     0.0333     0.1839    35.1082 9.4349e+02     0.1002    481.726    35.1067    35.1068     4.3742    1485.47    27.5558    27.5558 0.0000e+00
    487.000     6.6546     6.6559   3.528233   3.528351     1.8737     0.0166     0.1819    35.1078 9.4370e+02     0.0981    482.716    35.1062    35.1061     4.3776    1485.46    27.5563    27.5560 0.0000e+00
    488.000     6.6460     6.6474   3.527477   3.527622     1.8744     0.0224     0.1863    35.1078 9.4384e+02     0.0993    483.706    35.1061    35.1062     4.3836    1485.44    27.5574    27.5573 0.0000e+00
    489.000     6.6349     6.6367   3.526484   3.526654     1.8754     0.0368     0.1879    35.1076 9.4378e+02     0.1030    484.696    35.1059    35.1060     4.3884    1485.41    27.5587    27.5585 0.0000e+00
    490.000     6.6256     6.6271   3.525635   3.525790     1.8765     0.0339     0.1840    35.1072 9.4402e+02     0.1011    485.686    35.1055    35.1057     4.3943    1485.39    27.5597    27.5597 0.0000e+00
    491.000     6.6133     6.6145   3.524508   3.524614     1.8777     0.0328     0.1863    35.1069 9.4394e+02     0.1035    486.676    35.1051    35.1050     4.4019    1485.36    27.5611    27.5608 0.0000e+00
    492.000     6.6008     6.6019   3.523345   3.523458     1.8789     0.0470     0.1889    35.1064 9.4393e+02     0.1014    487.666    35.1045    35.1045     4.4060    1485.33    27.5623    27.5621 0.0000e+00
    493.000     6.5856     6.5870   3.521925   3.522072     1.8799     0.0400     0.1937    35.1058 9.4384e+02     0.0954    488.656    35.1038    35.1039     4.4121    1485.28    27.5637    27.5637 0.0000e+00
    494.000     6.5756     6.5770   3.521056   3.521169     1.8811     0.0325     0.1936    35.1059 9.4373e+02     0.1080    489.646    35.1038    35.1036     4.4206    1485.26    27.5651    27.5648 0.0000e+00
    495.000     6.5716     6.5728   3.520703   3.520818     1.8822     0.0274     0.1857    35.1055 9.4361e+02     0.1026    490.636    35.1035    35.1035     4.4199    1485.26    27.5655    27.5653 0.0000e+00
    496.000     6.5647     6.5661   3.520081   3.520219     1.8823     0.0179     0.1838    35.1052 9.4385e+02     0.1022    491.626    35.1032    35.1033     4.4207    1485.25    27.5661    27.5660 0.0000e+00
    497.000     6.5379     6.5401   3.517466   3.517675     1.8833     0.0276     0.1824    35.1035 9.4305e+02     0.1037    492.616    35.1011    35.1011     4.4298    1485.16    27.5680    27.5678 0.0000e+00
    498.000     6.5082     6.5097   3.514716   3.514851     1.8852     0.0345     0.1832    35.1033 9.4437e+02     0.0944    493.606    35.1004    35.1004     4.4480    1485.06    27.5715    27.5713 0.0000e+00
    499.000     6.4930     6.4944   3.513362   3.513491     1.8876     0.0264     0.1858    35.1032 9.4420e+02     0.0969    494.596    35.1004    35.1003     4.4581    1485.01    27.5735    27.5733 0.0000e+00
    500.000     6.4817     6.4830   3.512312   3.512441     1.8899     0.0255     0.1738    35.1026 9.4407e+02     0.0988    495.586    35.0998    35.0999     4.4702    1484.99    27.5746    27.5744 0.0000e+00
    501.000     6.4727     6.4736   3.511524   3.511604     1.8923     0.0319     0.1818    35.1025 9.4394e+02     0.1026    496.576    35.0998    35.0996     4.4768    1484.97    27.5758    27.5755 0.0000e+00
    502.000     6.4626     6.4638   3.510580   3.510683     1.8940     0.0274     0.1838    35.1017 9.4458e+02     0.1038    497.566    35.0990    35.0990     4.4817    1484.94    27.5765    27.5763 0.0000e+00
    503.000     6.4504     6.4518   3.509473   3.509605     1.8957     0.0370     0.1818    35.1014 9.4529e+02     0.0971    498.556    35.0987    35.0987     4.4861    1484.91    27.5779    27.5777 0.0000e+00
    504.000     6.4414     6.4430   3.508634   3.508783     1.8970     0.0456     0.1829    35.1007 9.4506e+02     0.0983    499.546    35.0981    35.0981     4.4930    1484.89    27.5786    27.5784 0.0000e+00
    505.000     6.4292     6.4307   3.507517   3.507656     1.8987     0.0330     0.1837    35.1002 9.4431e+02     0.0996    500.536    35.0976    35.0977     4.5032    1484.86    27.5799    27.5797 0.0000e+00
    506.000     6.4188     6.4204   3.506562   3.506724     1.9009     0.0308     0.1803    35.0998 9.4439e+02     0.1001    501.526    35.0972    35.0973     4.5104    1484.83    27.5810    27.5808 0.0000e+00
    507.000     6.4153     6.4166   3.506278   3.506390     1.9022     0.0442     0.1790    35.0994 9.4410e+02     0.1042    502.516    35.0971    35.0971     4.5099    1484.84    27.5814    27.5811 0.0000e+00
    508.000     6.4072     6.4092   3.505493   3.505675     1.9029     0.0260     0.1827    35.0984 9.4407e+02     0.1041    503.506    35.0962    35.0961     4.5175    1484.82    27.5817    27.5814 0.0000e+00
    509.000     6.3945     6.3957   3.504401   3.504497     1.9047     0.0305     0.1890    35.0988 9.4448e+02     0.0899    504.496    35.0965    35.0964     4.5275    1484.79    27.5836    27.5834 0.0000e+00
    510.000     6.3882     6.3884   3.503808   3.503826     1.9059     0.0382     0.1895    35.0981 9.4471e+02     0.0944    505.486    35.0959    35.0958     4.5303    1484.78    27.5840    27.5839 0.0000e+00
    511.000     6.3817     6.3829   3.503274   3.503398     1.9072     0.0233     0.1839    35.0982 9.4350e+02     0.0934    506.476    35.0961    35.0962     4.5329    1484.77    27.5850    27.5849 0.0000e+00
    512.000     6.3721     6.3724   3.502362   3.502388     1.9081     0.0212     0.1747    35.0973 9.4432e+02     0.1106    507.466    35.0953    35.0952     4.5319    1484.75    27.5857    27.5855 0.0000e+00
    513.000     6.3622     6.3632   3.501448   3.501539     1.9083     0.0225     0.1810    35.0968 9.4407e+02     0.1024    508.456    35.0947    35.0947     4.5362    1484.72    27.5866    27.5864 0.0000e+00
    514.000     6.3335     6.3349   3.498730   3.498853     1.9089     0.0216     0.1855    35.0960 9.4421e+02     0.0991    509.446    35.0933    35.0933     4.5490    1484.63    27.5892    27.5890 0.0000e+00
    515.000     6.3158     6.3170   3.497154   3.497243     1.9108     0.0253     0.1856    35.0962 9.4485e+02     0.0966    510.435    35.0934    35.0932     4.5619    1484.57    27.5916    27.5913 0.0000e+00
    516.000     6.2985     6.3010   3.495422   3.495658     1.9132     0.0284     0.1880    35.0943 9.4394e+02     0.0977    511.425    35.0913    35.0914     4.5734    1484.52    27.5923    27.5920 0.0000e+00
    517.000     6.2786     6.2797   3.493610   3.493712     1.9158     0.0246     0.1862    35.0941 9.4401e+02     0.1039    512.415    35.0910    35.0909     4.5849    1484.46    27.5946    27.5944 0.0000e+00
    518.000     6.2708     6.2724   3.492920   3.493069     1.9180     0.0282     0.1862    35.0936 9.4465e+02     0.1051    513.405    35.0908    35.0908     4.5905    1484.44    27.5955    27.5952 0.0000e+00
    519.000     6.2563     6.2588   3.491515   3.491747     1.9195     0.0373     0.1877    35.0924 9.4491e+02     0.1002    514.395    35.0895    35.0895     4.5989    1484.40    27.5963    27.5960 0.0000e+00
    520.000     6.2509     6.2519   3.491052   3.491137     1.9216     0.0401     0.1840    35.0920 9.4444e+02     0.0978    515.385    35.0893    35.0893     4.6068    1484.40    27.5969    27.5967 0.0000e+00
    521.000     6.2493     6.2506   3.490983   3.491101     1.9232     0.0373     0.1831    35.0921 9.4434e+02     0.0967    516.375    35.0897    35.0897     4.6080    1484.41    27.5974    27.5972 0.0000e+00
    522.000     6.2501     6.2508   3.491114   3.491175     1.9242     0.0362     0.1852    35.0919 9.4487e+02     0.0966    517.365    35.0899    35.0898     4.6078    1484.43    27.5975    27.5973 0.0000e+00
    523.000     6.2480     6.2495   3.490939   3.491083     1.9248     0.0366     0.1823    35.0914 9.4446e+02     0.1037    518.355    35.0896    35.0896     4.6060    1484.43    27.5975    27.5974 0.0000e+00
    524.000     6.2426     6.2443   3.490384   3.490552     1.9243     0.0189     0.1814    35.0901 9.4456e+02     0.1074    519.344    35.0884    35.0885     4.6026    1484.43    27.5973    27.5972 0.0000e+00
    525.000     6.2146     6.2155   3.487602   3.487667     1.9247     0.0155     0.1808    35.0878 9.4363e+02     0.1048    520.334    35.0855    35.0853     4.6162    1484.33    27.5986    27.5984 0.0000e+00
    526.000     6.1973     6.1985   3.485992   3.486099     1.9257     0.0259     0.1839    35.0873 9.4489e+02     0.0980    521.324    35.0848    35.0847     4.6223    1484.28    27.6004    27.6001 0.0000e+00
    527.000     6.1914     6.1926   3.485489   3.485588     1.9264     0.0203     0.1831    35.0870 9.4481e+02     0.0937    522.314    35.0847    35.0845     4.6233    1484.27    27.6011    27.6008 0.0000e+00
    528.000     6.1890     6.1901   3.485310   3.485407     1.9270     0.0476     0.1821    35.0867 9.4523e+02     0.0999    523.304    35.0846    35.0846     4.6288    1484.28    27.6013    27.6012 0.0000e+00
    529.000     6.1874     6.1886   3.485199   3.485296     1.9282     0.0379     0.1828    35.0863 9.4417e+02     0.1131    524.294    35.0845    35.0844     4.6336    1484.29    27.6015    27.6012 0.0000e+00
    530.000     6.1761     6.1773   3.484110   3.484221     1.9289     0.0290     0.1844    35.0853 9.4476e+02     0.0937    525.284    35.0834    35.0834     4.6332    1484.26    27.6021    27.6019 0.0000e+00
    531.000     6.1645     6.1659   3.483067   3.483172     1.9289     0.0301     0.1866    35.0853 9.4549e+02     0.0945    526.273    35.0832    35.0830     4.6369    1484.23    27.6034    27.6031 0.0000e+00
    532.000     6.1537     6.1552   3.482054   3.482195     1.9297     0.0185     0.1792    35.0846 9.4493e+02     0.0948    527.263    35.0825    35.0825     4.6451    1484.20    27.6043    27.6041 0.0000e+00
    533.000     6.1381     6.1398   3.480550   3.480704     1.9308     0.0249     0.1832    35.0835 9.4492e+02     0.0950    528.253    35.0812    35.0811     4.6544    1484.15    27.6053    27.6050 0.0000e+00
    534.000     6.1159     6.1175   3.478525   3.478650     1.9330     0.0322     0.1748    35.0833 9.4512e+02     0.1064    529.243    35.0808    35.0805     4.6672    1484.08    27.6078    27.6074 0.0000e+00
    535.000     6.1006     6.1026   3.477085   3.477272     1.9362     0.0329     0.1842    35.0822 9.4547e+02     0.0995    530.233    35.0798    35.0799     4.6803    1484.04    27.6090    27.6088 0.0000e+00
    536.000     6.0816     6.0829   3.475327   3.475425     1.9380     0.0332     0.1840    35.0818 9.4534e+02     0.0962    531.222    35.0791    35.0789     4.6877    1483.98    27.6109    27.6106 0.0000e+00
