05_ctd/ctd_files/ar43_003.cnv
* Sea-Bird SBE 9 Data File:
* FileName = D:\Data\AR43_003.hex
* Software Version Seasave V 7.26.7.121
* Temperature SN = 4252
* Conductivity SN = 1860
* Number of Bytes Per Scan = 40
* Number of Voltage Words = 5
* Number of Scans Averaged by the Deck Unit = 1
* NMEA Latitude = 39 37.01 N
* NMEA Longitude = 070 53.32 W
* NMEA UTC (Time) = Mar 12 2020  22:59:55
** Cruise ID: AR43
** Chief Sci:
** Station #:
** Site ID:
# nquan = 19
# nvalues = 2021                        
# units = specified
# name 0 = prDM: Pressure, Digiquartz [db]
# name 1 = t090C: Temperature [ITS-90, deg C]
# name 2 = t190C: Temperature, 2 [ITS-90, deg C]
# name 3 = c0S/m: Conductivity [S/m]
# name 4 = c1S/m: Conductivity, 2 [S/m]
# name 5 = sbeox0V: Oxygen raw, SBE 43 [V]
# name 6 = flECO-AFL: Fluorescence, WET Labs ECO-AFL/FL [mg/m^3]
# name 7 = turbWETntu0: Turbidity, WET Labs ECO [NTU]
# name 8 = sal00: Salinity, Practical [PSU]
# name 9 = spar: SPAR, Biospherical/Licor
# name 10 = v6: Voltage 6
# name 11 = depSM: Depth [salt water, m], lat = 39.6168
# name 12 = sal00: Salinity, Practical [PSU]
# name 13 = sal11: Salinity, Practical, 2 [PSU]
# name 14 = sbeox0ML/L: Oxygen, SBE 43 [ml/l], WS = 2
# name 15 = svCM: Sound Velocity [Chen-Millero, m/s]
# name 16 = sigma-é00: Density [sigma-theta, kg/m^3]
# name 17 = sigma-é11: Density, 2 [sigma-theta, kg/m^3]
# name 18 = flag: flag
# span 0 =      2.000,   1012.000       
# span 1 =     4.3843,    13.9918       
# span 2 =     4.3855,    13.9924       
# span 3 =   3.332683,   4.267254       
# span 4 =   3.332788,   4.267385       
# span 5 =     1.5244,     2.7913       
# span 6 =    -0.0018,     1.8016       
# span 7 =     0.1755,     0.2770       
# span 8 =    34.9726,    35.6704       
# span 9 = -6.900e-02, 9.3827e-01       
# span 10 =     0.0721,     0.1133      
# span 11 =      1.985,   1001.840      
# span 12 =    34.9727,    35.6652      
# span 13 =    34.9733,    35.6700      
# span 14 =     2.8736,     5.8634      
# span 15 =    1481.96,    1506.03      
# span 16 =    26.5755,    27.7324      
# span 17 =    26.5763,    27.7329      
# span 18 = 0.0000e+00, 0.0000e+00      
# interval = decibars: 1                
# start_time = Mar 12 2020 22:59:55 [NMEA time, header]
# bad_flag = -9.990e-29
*END*
[from data line 153]
    155.000    12.7179    12.7198   4.141988   4.142347     1.7026     0.0268     0.1912    35.6403 0.0000e+00     0.0880    153.760    35.6333    35.6350     3.1604    1502.57    26.9447    26.9456 0.0000e+00
    156.000    12.6555    12.6581   4.134657   4.134979     1.6987     0.0328     0.1936    35.6292 0.0000e+00     0.0916    154.752    35.6212    35.6218     3.1567    1502.36    26.9477    26.9476 0.0000e+00
    157.000    12.6012    12.6010   4.129023   4.129136     1.6942     0.0389     0.1956    35.6263 0.0000e+00     0.0952    155.743    35.6178    35.6191     3.1532    1502.19    26.9559    26.9569 0.0000e+00
    158.000    12.5605    12.5606   4.124562   4.124706     1.6900     0.0420     0.1918    35.6209 1.0624e-01     0.0928    156.735    35.6129    35.6142     3.1521    1502.06    26.9601    26.9611 0.0000e+00
    159.000    12.5312    12.5326   4.121257   4.121530     1.6851     0.0427     0.1912    35.6153 1.4285e-01     0.0947    157.726    35.6083    35.6096     3.1388    1501.98    26.9624    26.9631 0.0000e+00
    160.000    12.4396    12.4414   4.111027   4.111299     1.6818     0.0476     0.1911    35.6042 1.1776e-01     0.0965    158.718    35.5957    35.5967     3.1336    1501.67    26.9706    26.9710 0.0000e+00
    161.000    12.4120    12.4124   4.108201   4.108316     1.6785     0.0376     0.1909    35.6025 1.4009e-01     0.0894    159.710    35.5941    35.5948     3.1276    1501.59    26.9748    26.9753 0.0000e+00
    162.000    12.3884    12.3896   4.105418   4.105632     1.6763     0.0261     0.1910    35.5974 1.4045e-01     0.0898    160.701    35.5890    35.5900     3.1281    1501.52    26.9755    26.9761 0.0000e+00
    163.000    12.3586    12.3593   4.102298   4.102474     1.6748     0.0461     0.1911    35.5950 1.4045e-01     0.0915    161.693    35.5866    35.5877     3.1293    1501.44    26.9795    26.9802 0.0000e+00
    164.000    12.3532    12.3545   4.101781   4.102048     1.6728     0.0228     0.1929    35.5938 8.2715e-02     0.0963    162.684    35.5863    35.5877     3.1279    1501.43    26.9804    26.9812 0.0000e+00
    165.000    12.3353    12.3388   4.099830   4.100340     1.6712     0.0218     0.1898    35.5905 1.1264e-01     0.0934    163.676    35.5840    35.5856     3.1258    1501.39    26.9821    26.9827 0.0000e+00
    166.000    12.3139    12.3151   4.097391   4.097655     1.6690     0.0329     0.1948    35.5860 8.1584e-02     0.0939    164.668    35.5801    35.5816     3.1210    1501.33    26.9833    26.9842 0.0000e+00
    167.000    12.2705    12.2708   4.092669   4.092815     1.6674     0.0480     0.1957    35.5812 9.8169e-02     0.0952    165.659    35.5750    35.5762     3.1197    1501.19    26.9878    26.9887 0.0000e+00
    168.000    12.2641    12.2651   4.092068   4.092274     1.6657     0.0475     0.1946    35.5805 1.1243e-01     0.0903    166.651    35.5749    35.5759     3.1154    1501.18    26.9890    26.9896 0.0000e+00
    169.000    12.2572    12.2589   4.091302   4.091601     1.6646     0.0392     0.1937    35.5787 2.3694e-03     0.0904    167.642    35.5735    35.5749     3.1147    1501.18    26.9893    26.9900 0.0000e+00
    170.000    12.2431    12.2443   4.089725   4.089966     1.6634     0.0045     0.1840    35.5761 0.0000e+00     0.0927    168.634    35.5711    35.5723     3.1135    1501.14    26.9902    26.9909 0.0000e+00
    171.000    12.2254    12.2266   4.087759   4.088005     1.6624     0.0240     0.1950    35.5733 1.0455e-01     0.0944    169.625    35.5684    35.5697     3.1113    1501.10    26.9916    26.9923 0.0000e+00
    172.000    12.1987    12.1998   4.084814   4.085034     1.6605     0.0197     0.1920    35.5696 -2.509e-03     0.0915    170.617    35.5647    35.5658     3.1060    1501.02    26.9939    26.9946 0.0000e+00
    173.000    12.1636    12.1645   4.080903   4.081121     1.6585     0.0359     0.1951    35.5648 1.6004e-01     0.0961    171.609    35.5596    35.5609     3.1057    1500.91    26.9968    26.9976 0.0000e+00
    174.000    12.1349    12.1352   4.077825   4.078005     1.6566     0.0230     0.1899    35.5616 2.3101e-01     0.0927    172.600    35.5565    35.5579     3.1008    1500.82    26.9999    27.0009 0.0000e+00
    175.000    12.0905    12.0924   4.072793   4.073148     1.6535     0.0364     0.1951    35.5546 8.0156e-02     0.0973    173.592    35.5492    35.5509     3.0943    1500.68    27.0028    27.0038 0.0000e+00
    176.000    12.0363    12.0370   4.066869   4.067056     1.6514     0.0281     0.1951    35.5485 2.7087e-01     0.0910    174.583    35.5425    35.5437     3.0965    1500.50    27.0081    27.0089 0.0000e+00
    177.000    12.0031    12.0045   4.063361   4.063606     1.6497     0.0309     0.1893    35.5455 8.5316e-06     0.0952    175.575    35.5394    35.5404     3.0930    1500.40    27.0121    27.0127 0.0000e+00
    178.000    11.9891    11.9900   4.061852   4.062066     1.6477     0.0278     0.1908    35.5433 1.1880e-01     0.0989    176.566    35.5375    35.5388     3.0882    1500.37    27.0134    27.0142 0.0000e+00
    179.000    11.9731    11.9734   4.060011   4.060161     1.6461     0.0407     0.1912    35.5399 -5.348e-03     0.0981    177.558    35.5344    35.5355     3.0884    1500.33    27.0140    27.0148 0.0000e+00
    180.000    11.9493    11.9505   4.057479   4.057735     1.6452     0.0331     0.1960    35.5372 9.4554e-02     0.0955    178.549    35.5318    35.5331     3.0906    1500.26    27.0166    27.0174 0.0000e+00
    181.000    11.9410    11.9423   4.056568   4.056873     1.6442     0.0046     0.1956    35.5353 1.7546e-03     0.0933    179.541    35.5304    35.5321     3.0871    1500.25    27.0171    27.0182 0.0000e+00
    182.000    11.9071    11.9083   4.052815   4.053067     1.6428    -0.0018     0.1924    35.5305 0.0000e+00     0.0929    180.532    35.5255    35.5269     3.0855    1500.14    27.0198    27.0207 0.0000e+00
    183.000    11.8936    11.8952   4.051482   4.051782     1.6411     0.0148     0.1988    35.5295 0.0000e+00     0.0926    181.524    35.5249    35.5263     3.0822    1500.11    27.0220    27.0228 0.0000e+00
    184.000    11.8858    11.8868   4.050603   4.050822     1.6400     0.0382     0.2039    35.5275 0.0000e+00     0.0954    182.515    35.5232    35.5244     3.0770    1500.10    27.0222    27.0229 0.0000e+00
    185.000    11.8698    11.8697   4.048826   4.048911     1.6375     0.0330     0.1963    35.5249 0.0000e+00     0.1000    183.507    35.5207    35.5216     3.0661    1500.06    27.0233    27.0240 0.0000e+00
    186.000    11.8496    11.8517   4.046526   4.046871     1.6347     0.0266     0.1961    35.5212 0.0000e+00     0.0973    184.498    35.5169    35.5183     3.0601    1500.00    27.0242    27.0249 0.0000e+00
    187.000    11.8091    11.8103   4.041952   4.042184     1.6316     0.0360     0.1907    35.5151 1.0468e-01     0.0927    185.490    35.5102    35.5114     3.0537    1499.87    27.0267    27.0274 0.0000e+00
    188.000    11.7867    11.7888   4.039525   4.039876     1.6280     0.0313     0.1950    35.5122 9.7415e-02     0.0897    186.481    35.5074    35.5089     3.0473    1499.81    27.0288    27.0296 0.0000e+00
    189.000    11.7704    11.7719   4.037779   4.038058     1.6250     0.0353     0.1970    35.5099 8.9704e-02     0.0934    187.473    35.5053    35.5067     3.0424    1499.77    27.0303    27.0311 0.0000e+00
    190.000    11.7407    11.7444   4.034478   4.035012     1.6226     0.0508     0.1925    35.5055 2.2382e-01     0.0970    188.464    35.5008    35.5026     3.0469    1499.68    27.0324    27.0331 0.0000e+00
    191.000    11.7073    11.7089   4.031069   4.031360     1.6230     0.0447     0.1950    35.5034 -1.104e-02     0.0945    189.456    35.4988    35.5001     3.0572    1499.58    27.0372    27.0380 0.0000e+00
    192.000    11.7057    11.7070   4.030965   4.031240     1.6233     0.0149     0.1869    35.5027 0.0000e+00     0.0976    190.447    35.4988    35.5003     3.0561    1499.59    27.0376    27.0385 0.0000e+00
    193.000    11.6979    11.6964   4.030036   4.029962     1.6231     0.0137     0.1959    35.5004 0.0000e+00     0.0940    191.438    35.4967    35.4975     3.0556    1499.57    27.0375    27.0383 0.0000e+00
    194.000    11.6677    11.6679   4.026859   4.027007     1.6230     0.0542     0.2009    35.4979 0.0000e+00     0.0904    192.430    35.4938    35.4951     3.0558    1499.48    27.0409    27.0419 0.0000e+00
    195.000    11.6560    11.6572   4.025598   4.025821     1.6223     0.0491     0.1930    35.4962 0.0000e+00     0.0957    193.421    35.4922    35.4932     3.0545    1499.46    27.0419    27.0425 0.0000e+00
    196.000    11.6201    11.6240   4.021410   4.021952     1.6219     0.0365     0.1930    35.4894 1.2036e-01     0.0968    194.413    35.4848    35.4864     3.0552    1499.34    27.0429    27.0435 0.0000e+00
    197.000    11.5569    11.5605   4.014679   4.015193     1.6204     0.0223     0.1939    35.4841 7.1352e-03     0.0969    195.404    35.4784    35.4801     3.0529    1499.13    27.0499    27.0505 0.0000e+00
    198.000    11.5142    11.5187   4.009919   4.010655     1.6169     0.0148     0.1898    35.4775 0.0000e+00     0.0895    196.396    35.4719    35.4749     3.0413    1498.99    27.0528    27.0543 0.0000e+00
    199.000    11.4178    11.4226   3.999049   3.999604     1.6124     0.0410     0.1931    35.4634 9.3103e-02     0.0941    197.387    35.4563    35.4572     3.0325    1498.66    27.0587    27.0585 0.0000e+00
    200.000    11.3832    11.3883   3.995227   3.995933     1.6089     0.0372     0.1920    35.4583 2.2735e-01     0.0980    198.378    35.4511    35.4532     3.0231    1498.55    27.0611    27.0618 0.0000e+00
    201.000    11.3554    11.3566   3.992194   3.992412     1.6054     0.0188     0.1984    35.4545 2.9951e-03     0.0976    199.370    35.4473    35.4483     3.0145    1498.46    27.0633    27.0639 0.0000e+00
    202.000    11.3383    11.3388   3.990289   3.990365     1.6017     0.0182     0.1964    35.4512 2.5048e-01     0.0952    200.361    35.4444    35.4447     3.0081    1498.42    27.0642    27.0644 0.0000e+00
    203.000    11.3201    11.3215   3.988396   3.988698     1.5990     0.0319     0.1976    35.4492 -4.922e-05     0.0931    201.353    35.4426    35.4442     3.0069    1498.37    27.0663    27.0672 0.0000e+00
    204.000    11.3213    11.3226   3.988586   3.988841     1.5966     0.0361     0.1943    35.4485 0.0000e+00     0.0955    202.344    35.4429    35.4442     3.0047    1498.39    27.0662    27.0670 0.0000e+00
    205.000    11.3129    11.3123   3.987707   3.987766     1.5947     0.0422     0.1927    35.4469 7.7983e-02     0.0923    203.335    35.4418    35.4430     3.0035    1498.38    27.0670    27.0680 0.0000e+00
    206.000    11.2853    11.2856   3.984583   3.984720     1.5935     0.0308     0.1936    35.4419 9.3501e-02     0.0947    204.327    35.4368    35.4379     3.0032    1498.29    27.0682    27.0690 0.0000e+00
    207.000    11.2543    11.2569   3.981346   3.981732     1.5922     0.0418     0.1936    35.4392 1.9628e-01     0.0937    205.318    35.4340    35.4354     3.0018    1498.20    27.0718    27.0724 0.0000e+00
    208.000    11.2502    11.2521   3.980986   3.981306     1.5910     0.0324     0.1886    35.4385 9.6565e-02     0.0974    206.310    35.4339    35.4353     3.0000    1498.20    27.0725    27.0732 0.0000e+00
    209.000    11.2433    11.2463   3.980232   3.980664     1.5901     0.0346     0.1954    35.4368 -5.370e-03     0.1024    207.301    35.4326    35.4340     3.0012    1498.19    27.0727    27.0733 0.0000e+00
    210.000    11.2393    11.2404   3.979916   3.980146     1.5899     0.0356     0.1979    35.4366 9.5500e-02     0.0849    208.292    35.4328    35.4341     3.0039    1498.19    27.0737    27.0745 0.0000e+00
    211.000    11.2374    11.2380   3.979792   3.979967     1.5902     0.0328     0.1944    35.4362 8.0288e-02     0.0923    209.284    35.4329    35.4341     3.0044    1498.20    27.0742    27.0750 0.0000e+00
    212.000    11.2366    11.2367   3.979790   3.979919     1.5898     0.0328     0.1956    35.4361 1.6572e-01     0.0969    210.275    35.4333    35.4345     3.0003    1498.22    27.0746    27.0755 0.0000e+00
    213.000    11.2277    11.2294   3.978778   3.979089     1.5886     0.0397     0.1961    35.4339 1.5200e-03     0.1036    211.266    35.4313    35.4328     2.9959    1498.20    27.0747    27.0755 0.0000e+00
    214.000    11.1926    11.1950   3.974822   3.975152     1.5873     0.0343     0.1941    35.4285 3.5972e-01     0.0976    212.258    35.4252    35.4263     2.9885    1498.09    27.0765    27.0768 0.0000e+00
    215.000    11.1272    11.1315   3.967258   3.967839     1.5840     0.0254     0.1962    35.4170 1.1025e-01     0.0946    213.249    35.4123    35.4140     2.9733    1497.86    27.0784    27.0790 0.0000e+00
    216.000    11.0520    11.0560   3.958873   3.959399     1.5788     0.0290     0.1985    35.4067 -3.231e-04     0.0935    214.240    35.4006    35.4020     2.9549    1497.60    27.0830    27.0834 0.0000e+00
    217.000    10.9563    10.9603   3.948204   3.948748     1.5712     0.0368     0.1985    35.3935 8.2353e-02     0.0937    215.232    35.3856    35.3872     2.9392    1497.26    27.0888    27.0893 0.0000e+00
    218.000    10.9050    10.9067   3.942676   3.942929     1.5624     0.0256     0.1934    35.3873 8.0153e-02     0.0921    216.223    35.3793    35.3802     2.9235    1497.09    27.0932    27.0936 0.0000e+00
    219.000    10.9017    10.9026   3.942401   3.942589     1.5571     0.0231     0.1953    35.3861 8.0259e-02     0.0999    217.214    35.3793    35.3803     2.9249    1497.10    27.0938    27.0944 0.0000e+00
    220.000    10.9030    10.9037   3.942640   3.942815     1.5546     0.0413     0.2023    35.3857 -2.700e-03     0.0975    218.206    35.3800    35.3811     2.9251    1497.12    27.0941    27.0948 0.0000e+00
    221.000    10.9017    10.9033   3.942591   3.942862     1.5538     0.0261     0.1961    35.3854 0.0000e+00     0.0936    219.197    35.3803    35.3815     2.9296    1497.13    27.0946    27.0953 0.0000e+00
    222.000    10.8993    10.9013   3.942385   3.942713     1.5541     0.0085     0.1937    35.3846 1.9343e-01     0.0904    220.188    35.3801    35.3814     2.9321    1497.14    27.0950    27.0956 0.0000e+00
    223.000    10.8766    10.8780   3.939764   3.940011     1.5535     0.0230     0.1968    35.3798 9.3671e-02     0.0881    221.180    35.3753    35.3764     2.9252    1497.07    27.0953    27.0959 0.0000e+00
    224.000    10.8224    10.8237   3.933620   3.933889     1.5510     0.1444     0.2770    35.3709 9.7776e-02     0.0981    222.171    35.3655    35.3669     2.9124    1496.89    27.0975    27.0983 0.0000e+00
    225.000    10.7864    10.7883   3.929772   3.930069     1.5470     0.1167     0.2564    35.3668 2.1510e-01     0.0994    223.162    35.3611    35.3623     2.9007    1496.77    27.1006    27.1011 0.0000e+00
    226.000    10.7602    10.7623   3.926846   3.927151     1.5438     0.0322     0.1974    35.3624 -1.601e-03     0.0986    224.154    35.3566    35.3576     2.8951    1496.69    27.1017    27.1021 0.0000e+00
    227.000    10.7419    10.7426   3.924879   3.925043     1.5406     0.0332     0.2031    35.3597 0.0000e+00     0.0977    225.145    35.3541    35.3550     2.8904    1496.64    27.1031    27.1036 0.0000e+00
    228.000    10.7198    10.7212   3.922455   3.922685     1.5380     0.0400     0.1964    35.3561 0.0000e+00     0.0936    226.136    35.3505    35.3515     2.8881    1496.57    27.1043    27.1048 0.0000e+00
    229.000    10.7055    10.7067   3.920980   3.921214     1.5346     0.0412     0.1917    35.3540 5.2981e-02     0.0983    227.127    35.3490    35.3503     2.8820    1496.54    27.1057    27.1064 0.0000e+00
